pesectionProcessed_resourcesMeanSize,sample_sha1
0.0,342
16.0,3
40.0,1
44.0,1
74.0,1
86.0,6
110.0,1
112.0,3
116.0,1
131.0,1
143.0,1
149.0,2
156.0,2
173.0,1
190.0,1
196.0,1
198.0,1
210.0,1
215.0,2
220.0,1
221.0,1
229.0,2
238.0,1
240.0,1
243.0,1
244.0,2
246.0,3
249.0,2
250.0,2
254.0,5
256.0,1
257.0,2
258.0,1
259.0,19
260.0,2
261.0,21
263.0,1
264.0,1
265.0,6
266.0,1
270.0,1
273.0,1
279.0,1
280.0,2
282.0,1
283.0,16
286.0,1
288.0,2
289.0,1
290.0,5
291.0,1
292.0,2
294.0,4
295.0,1
296.0,2
297.0,2
298.0,4
299.0,1
300.0,3
301.0,1
303.0,5
304.0,3
305.0,2
307.0,1
308.0,1
310.0,5
311.0,1
312.0,1
313.0,1
314.0,4
315.0,2
317.0,2
318.0,1
319.0,17
321.0,3
322.0,4
324.0,2
325.0,2
329.0,5
331.0,1
332.0,1
335.0,3
337.0,2
338.0,2
339.0,1
340.0,3
341.0,2
342.0,1
343.0,4
346.0,104
347.0,1
348.0,1
349.0,2
350.0,1
351.0,1
352.0,1
353.0,2
354.0,8
355.0,1
356.0,2
357.0,2
358.0,425
359.0,1
360.0,3
361.0,5
362.0,2
364.0,1
365.0,3
367.0,6
368.0,23
369.0,2
370.0,3
372.0,2
375.0,3
376.0,2
377.0,2
378.0,1
379.0,1
380.0,21
381.0,39
382.0,18
383.0,8
384.0,9
385.0,9
386.0,5
387.0,7
388.0,9
389.0,9
390.0,8
391.0,9
392.0,14
393.0,8
394.0,9
395.0,4
396.0,7
397.0,7
398.0,4
399.0,6
400.0,7
401.0,6
402.0,7
403.0,10
404.0,10
405.0,1
406.0,8
407.0,4
408.0,8
409.0,6
410.0,9
411.0,4
412.0,3
413.0,10
415.0,6
416.0,14
417.0,8
418.0,4
419.0,1
420.0,2
422.0,4
423.0,1
424.0,2
425.0,2
426.0,4
428.0,2
429.0,10
431.0,5
432.0,7
433.0,8
434.0,6
435.0,1
436.0,3
437.0,5
438.0,4
439.0,4
440.0,8
441.0,7
442.0,3
443.0,10
444.0,3
445.0,3
446.0,2
447.0,5
448.0,6
449.0,1
450.0,58
451.0,3
452.0,2
453.0,3
455.0,7
456.0,2
457.0,3
458.0,1
459.0,2
460.0,5
461.0,5
462.0,6
463.0,2
464.0,6
465.0,9
466.0,2
467.0,2
468.0,1
469.0,4
470.0,8
472.0,3
473.0,4
474.0,2
475.0,2
476.0,2
477.0,6
478.0,2
479.0,2
480.0,2
481.0,6
482.0,4
484.0,2
485.0,1
486.0,6
487.0,1
488.0,8
489.0,5
490.0,3
491.0,5
492.0,3
493.0,7
494.0,9
495.0,2
496.0,6
497.0,2
498.0,2
499.0,1
500.0,1
501.0,4
502.0,3
503.0,2
504.0,4
505.0,2
506.0,5
507.0,2
508.0,5
509.0,1
510.0,4
511.0,7
512.0,2
514.0,1
515.0,2
516.0,4
517.0,4
518.0,5
519.0,1
520.0,3
521.0,6
522.0,3
523.0,4
524.0,4
525.0,16
526.0,14
527.0,2
528.0,6
529.0,7
530.0,10
531.0,5
532.0,16
533.0,23
534.0,6
535.0,6
536.0,7
537.0,8
538.0,8
539.0,1
540.0,5
541.0,5
542.0,3
543.0,6
544.0,2
545.0,12
546.0,3
547.0,1
548.0,4
549.0,3
550.0,2
551.0,2
552.0,3
553.0,8
554.0,6
555.0,7
556.0,12
557.0,1
558.0,4
560.0,3
561.0,2
562.0,2
563.0,1
564.0,5
565.0,3
566.0,3
567.0,2
568.0,2
569.0,1
570.0,30
571.0,6
572.0,2
573.0,4
574.0,5
575.0,4
576.0,2
577.0,1
578.0,4
579.0,4
580.0,7
581.0,3
582.0,3
583.0,1
584.0,3
585.0,2
586.0,4
587.0,7
588.0,4
589.0,8
590.0,1
591.0,2
592.0,6
593.0,3
594.0,2
595.0,2
596.0,4
597.0,2
598.0,16
599.0,2
600.0,4
601.0,4
602.0,4
604.0,5
605.0,2
606.0,6
607.0,4
608.0,4
609.0,3
610.0,3
611.0,1
612.0,1
613.0,4
614.0,5
615.0,2
616.0,5
617.0,7
618.0,7
620.0,2
621.0,2
622.0,4
623.0,3
624.0,4
625.0,3
627.0,2
628.0,1
629.0,4
630.0,3
631.0,2
632.0,4
633.0,1
634.0,7
635.0,4
636.0,2
637.0,1
638.0,9
639.0,2
640.0,1
641.0,3
642.0,1
643.0,1
644.0,2
645.0,2
646.0,5
647.0,2
648.0,3
649.0,2
650.0,3
651.0,16
652.0,2
653.0,1
654.0,2
655.0,4
656.0,4
657.0,2
658.0,2
659.0,2
660.0,4
662.0,4
663.0,5
664.0,4
665.0,2
666.0,5
668.0,2
669.0,3
670.0,1
671.0,3
672.0,1
673.0,4
674.0,6
675.0,2
676.0,1
677.0,1
678.0,1
679.0,1
680.0,2
681.0,1
682.0,4
684.0,12
685.0,2
686.0,6
687.0,2
688.0,4
689.0,1
690.0,6
692.0,16
693.0,2
694.0,5
695.0,6
696.0,2
697.0,27
698.0,4
699.0,2
700.0,8
701.0,13
702.0,1
703.0,1
704.0,2
705.0,3
706.0,2
708.0,3
709.0,4
710.0,3
711.0,1
712.0,3
713.0,3
714.0,3
715.0,1
716.0,5
717.0,53
718.0,3
719.0,4
720.0,4
721.0,2
722.0,8
724.0,2
725.0,4
726.0,17
727.0,3
728.0,2
729.0,3
730.0,4
731.0,23
732.0,3
733.0,1
734.0,4
736.0,42
737.0,1
738.0,3
739.0,1
741.0,1
743.0,1
745.0,2
746.0,2
747.0,3
749.0,1
750.0,2
751.0,4
752.0,1
754.0,2
756.0,1
758.0,1
760.0,1
761.0,2
762.0,3
764.0,9
765.0,2
767.0,1
768.0,2
770.0,2
771.0,4
774.0,8
777.0,1
778.0,3
780.0,4
781.0,7
782.0,1
783.0,2
784.0,2
785.0,2
786.0,2
787.0,2
789.0,3
791.0,2
792.0,5
793.0,1
796.0,6
797.0,1
798.0,5
799.0,1
800.0,2
801.0,3
803.0,1
804.0,4
805.0,2
806.0,1
807.0,2
808.0,2
809.0,5
810.0,4
811.0,4
812.0,6
813.0,4
815.0,1
816.0,4
818.0,1
819.0,63
820.0,4
821.0,1
822.0,7
823.0,2
824.0,1
826.0,4
827.0,1
828.0,6
829.0,2
830.0,1
831.0,1
832.0,3
833.0,1
836.0,4
837.0,5
838.0,1
839.0,3
840.0,1
841.0,8
842.0,3
844.0,18
846.0,2
848.0,2
849.0,1
850.0,1
851.0,1
852.0,2
853.0,3
854.0,1
855.0,3
856.0,2
857.0,7
860.0,4
861.0,1
863.0,1
864.0,4
865.0,2
867.0,3
868.0,1
870.0,1
871.0,3
872.0,6
873.0,2
874.0,6
875.0,4
876.0,2
877.0,5
878.0,3
879.0,3
880.0,5
882.0,2
883.0,4
885.0,2
888.0,2
889.0,2
890.0,5
891.0,2
892.0,3
893.0,1
894.0,5
895.0,1
896.0,1
897.0,1
898.0,3
899.0,3
900.0,1
901.0,1
904.0,7
905.0,1
907.0,2
908.0,9
909.0,1
910.0,3
911.0,1
912.0,3
913.0,2
914.0,1
915.0,1
916.0,2
917.0,1
918.0,1
919.0,3
920.0,4
921.0,5
922.0,1
924.0,5
925.0,4
926.0,3
927.0,2
928.0,6
929.0,1
930.0,1
932.0,4
933.0,4
934.0,2
935.0,1
936.0,6
938.0,6
939.0,3
940.0,3
941.0,1
942.0,2
943.0,1
945.0,1
948.0,4
950.0,2
951.0,2
952.0,3
955.0,4
957.0,2
958.0,3
959.0,2
960.0,3
961.0,1
962.0,3
963.0,1
965.0,1
966.0,1
967.0,1
968.0,2
969.0,2
970.0,1
972.0,2
973.0,2
974.0,1
975.0,3
978.0,1
982.0,7
983.0,1
984.0,1
985.0,1
986.0,2
988.0,1
989.0,2
990.0,1
992.0,1
993.0,1
994.0,2
995.0,1
996.0,2
997.0,1
998.0,1
999.0,1
1000.0,4
1001.0,1
1002.0,3
1004.0,2
1005.0,1
1008.0,2
1009.0,1
1010.0,2
1011.0,1
1012.0,1
1013.0,1
1015.0,1
1016.0,1
1017.0,1
1019.0,1
1020.0,1
1021.0,1
1024.0,2
1025.0,1
1027.0,1
1028.0,1
1029.0,2
1031.0,1
1032.0,2
1035.0,1
1038.0,3
1039.0,2
1040.0,10
1041.0,1
1042.0,4
1045.0,1
1046.0,2
1048.0,1
1050.0,3
1051.0,1
1053.0,1
1054.0,1
1056.0,3
1057.0,1
1059.0,3
1060.0,5
1061.0,3
1062.0,1
1063.0,1
1064.0,13
1065.0,4
1068.0,2
1069.0,4
1070.0,1
1072.0,2
1073.0,1
1074.0,1
1075.0,2
1076.0,1
1077.0,1
1078.0,1
1079.0,2
1081.0,2
1082.0,2
1083.0,1
1084.0,3
1085.0,4
1086.0,1
1087.0,1
1088.0,1
1090.0,2
1092.0,2
1093.0,1
1094.0,1
1095.0,1
1096.0,1
1097.0,4
1098.0,3
1099.0,1
1102.0,3
1106.0,2
1107.0,2
1109.0,1
1110.0,1
1111.0,3
1112.0,3
1113.0,1
1114.0,1
1115.0,3
1116.0,27
1117.0,15
1118.0,4
1123.0,2
1124.0,1
1125.0,3
1128.0,1
1129.0,2
1130.0,1
1133.0,1
1134.0,3
1137.0,1
1139.0,4
1140.0,2
1141.0,1
1142.0,3
1143.0,1
1146.0,1
1147.0,2
1149.0,1
1150.0,2
1152.0,4
1153.0,2
1154.0,2
1158.0,1
1160.0,1
1162.0,1
1163.0,2
1165.0,8
1167.0,26
1168.0,1
1169.0,2
1170.0,3
1172.0,2
1173.0,2
1174.0,2
1175.0,1
1177.0,2
1178.0,2
1179.0,1
1180.0,1
1181.0,1
1182.0,3
1185.0,2
1186.0,3
1187.0,1
1188.0,1
1189.0,2
1191.0,2
1192.0,3
1193.0,1
1194.0,1
1195.0,2
1196.0,1
1197.0,1
1198.0,1
1202.0,5
1204.0,2
1206.0,1
1208.0,6
1209.0,1
1210.0,1
1211.0,1
1213.0,2
1218.0,1
1221.0,1
1222.0,1
1223.0,1
1224.0,3
1225.0,4
1226.0,1
1227.0,1
1228.0,1
1231.0,1
1232.0,2
1233.0,1
1235.0,2
1237.0,1
1238.0,1
1239.0,1
1240.0,1
1241.0,4
1242.0,2
1245.0,1
1248.0,4
1251.0,1
1252.0,1
1253.0,1
1256.0,1
1257.0,1
1258.0,2
1259.0,2
1260.0,4
1261.0,2
1262.0,1
1265.0,2
1266.0,1
1268.0,1
1269.0,1
1270.0,5
1271.0,5
1272.0,1
1273.0,1
1274.0,3
1275.0,2
1278.0,1
1279.0,1
1281.0,4
1282.0,1
1283.0,2
1284.0,1
1285.0,2
1286.0,6
1288.0,1
1290.0,1
1291.0,1
1292.0,1
1295.0,1
1296.0,5
1298.0,1
1300.0,1
1301.0,2
1305.0,2
1306.0,7
1308.0,15
1309.0,2
1310.0,10
1313.0,1
1315.0,1
1316.0,3
1318.0,2
1319.0,1
1320.0,26
1321.0,53
1323.0,1
1324.0,6
1325.0,4
1326.0,5
1332.0,2
1333.0,2
1337.0,7
1340.0,2
1342.0,1
1346.0,2
1347.0,1
1349.0,2
1350.0,2
1351.0,1
1356.0,7
1357.0,2
1360.0,1
1362.0,1
1363.0,1
1364.0,1
1365.0,1
1367.0,1
1374.0,1
1375.0,3
1376.0,1
1377.0,1
1380.0,4
1381.0,1
1382.0,1
1384.0,1
1385.0,2
1390.0,4
1391.0,1
1392.0,2
1393.0,2
1395.0,3
1397.0,1
1399.0,4
1402.0,1
1404.0,1
1405.0,2
1406.0,1
1408.0,2
1411.0,1
1412.0,3
1413.0,1
1415.0,1
1420.0,2
1423.0,2
1425.0,1
1426.0,3
1427.0,3
1432.0,1
1434.0,1
1436.0,1
1437.0,1
1441.0,1
1443.0,1
1444.0,1
1445.0,2
1446.0,2
1447.0,3
1452.0,1
1463.0,2
1465.0,1
1467.0,1
1468.0,1
1469.0,1
1470.0,2
1472.0,1
1474.0,1
1476.0,1
1478.0,5
1479.0,6
1480.0,1
1481.0,1
1482.0,2
1483.0,1
1485.0,2
1487.0,2
1489.0,2
1490.0,1
1496.0,3
1499.0,1
1500.0,1
1502.0,1
1504.0,3
1508.0,4
1511.0,6
1512.0,1
1514.0,1
1516.0,1
1519.0,1
1520.0,2
1521.0,1
1523.0,1
1525.0,1
1528.0,1
1530.0,1
1532.0,2
1533.0,4
1536.0,1
1538.0,1
1540.0,1
1542.0,1
1543.0,1
1544.0,1
1545.0,2
1548.0,2
1550.0,3
1560.0,4
1561.0,1
1562.0,2
1563.0,1
1567.0,1
1569.0,1
1572.0,2
1573.0,3
1575.0,3
1577.0,1
1578.0,2
1581.0,1
1584.0,1
1585.0,1
1586.0,2
1587.0,1
1589.0,1
1591.0,4
1593.0,2
1594.0,1
1595.0,3
1599.0,3
1600.0,1
1601.0,2
1602.0,1
1604.0,1
1605.0,4
1606.0,1
1607.0,5
1608.0,2
1609.0,2
1611.0,1
1612.0,1
1613.0,8
1614.0,3
1616.0,1
1619.0,1
1620.0,1
1621.0,1
1624.0,1
1628.0,2
1633.0,2
1634.0,1
1635.0,1
1636.0,1
1639.0,2
1640.0,2
1641.0,1
1644.0,1
1645.0,1
1646.0,1
1647.0,1
1649.0,1
1650.0,2
1651.0,1
1652.0,1
1654.0,1
1656.0,2
1659.0,2
1661.0,1
1662.0,2
1663.0,1
1664.0,4
1666.0,1
1668.0,2
1669.0,1
1670.0,1
1672.0,2
1673.0,1
1675.0,3
1678.0,1
1680.0,2
1681.0,1
1683.0,1
1687.0,1
1689.0,4
1692.0,1
1694.0,2
1698.0,4
1699.0,3
1701.0,1
1702.0,1
1706.0,1
1708.0,2
1710.0,1
1715.0,1
1718.0,1
1719.0,3
1721.0,1
1724.0,3
1726.0,1
1728.0,1
1730.0,1
1731.0,3
1733.0,3
1735.0,1
1737.0,3
1738.0,2
1739.0,2
1742.0,1
1743.0,1
1745.0,1
1751.0,2
1752.0,3
1753.0,1
1754.0,1
1755.0,1
1756.0,1
1757.0,1
1762.0,1
1763.0,2
1764.0,1
1766.0,1
1769.0,1
1770.0,3
1771.0,4
1772.0,1
1773.0,1
1774.0,2
1775.0,1
1777.0,3
1778.0,1
1780.0,1
1783.0,2
1784.0,2
1786.0,1
1787.0,1
1788.0,1
1790.0,1
1792.0,1
1793.0,5
1795.0,1
1797.0,1
1798.0,1
1801.0,1
1802.0,1
1803.0,1
1804.0,2
1806.0,2
1809.0,1
1815.0,37
1817.0,1
1818.0,1
1825.0,1
1828.0,2
1833.0,1
1836.0,1
1837.0,1
1839.0,1
1840.0,1
1841.0,5
1842.0,2
1843.0,4
1846.0,1
1847.0,1
1848.0,2
1849.0,1
1850.0,1
1853.0,7
1854.0,1
1855.0,1
1856.0,1
1857.0,2
1858.0,2
1859.0,1
1862.0,1
1863.0,2
1864.0,2
1865.0,3
1867.0,3
1868.0,2
1871.0,2
1872.0,5
1873.0,1
1874.0,2
1876.0,6
1879.0,1
1882.0,1
1883.0,1
1884.0,1
1886.0,1
1889.0,1
1891.0,2
1893.0,2
1894.0,1
1896.0,1
1897.0,2
1900.0,1
1901.0,3
1905.0,1
1907.0,1
1909.0,2
1912.0,1
1913.0,1
1914.0,1
1916.0,4
1917.0,1
1919.0,2
1920.0,7
1921.0,2
1922.0,7
1923.0,4
1925.0,6
1927.0,1
1930.0,2
1933.0,1
1935.0,2
1936.0,2
1939.0,4
1941.0,2
1942.0,1
1944.0,1
1950.0,1
1951.0,1
1952.0,1
1953.0,1
1957.0,1
1962.0,5
1968.0,2
1970.0,1
1971.0,1
1974.0,1
1976.0,1
1977.0,1
1983.0,1
1984.0,2
1989.0,1
1992.0,1
2000.0,1
2005.0,8
2006.0,1
2015.0,1
2017.0,2
2020.0,1
2024.0,1
2026.0,1
2030.0,2
2031.0,1
2032.0,1
2033.0,1
2035.0,3
2038.0,1
2039.0,2
2040.0,1
2041.0,5
2042.0,1
2044.0,1
2047.0,1
2048.0,3
2053.0,2
2059.0,1
2063.0,1
2070.0,1
2071.0,1
2072.0,1
2076.0,2
2079.0,1
2080.0,1
2081.0,3
2082.0,1
2084.0,1
2091.0,1
2102.0,1
2104.0,1
2107.0,3
2108.0,2
2113.0,2
2114.0,1
2117.0,1
2120.0,3
2125.0,1
2127.0,2
2129.0,2
2130.0,1
2134.0,1
2135.0,6
2145.0,1
2146.0,1
2150.0,1
2153.0,1
2154.0,3
2155.0,1
2157.0,1
2158.0,5
2159.0,1
2160.0,2
2162.0,3
2163.0,2
2167.0,1
2169.0,1
2170.0,7
2171.0,2
2174.0,1
2175.0,1
2178.0,1
2183.0,1
2192.0,1
2193.0,1
2198.0,1
2203.0,1
2205.0,4
2206.0,2
2208.0,1
2209.0,1
2214.0,1
2215.0,2
2217.0,1
2220.0,1
2221.0,1
2222.0,1
2224.0,1
2227.0,1
2231.0,2
2232.0,1
2235.0,15
2238.0,2
2240.0,1
2245.0,1
2248.0,1
2250.0,15
2254.0,1
2262.0,1
2264.0,4
2265.0,1
2266.0,1
2269.0,1
2272.0,1
2275.0,2
2276.0,4
2277.0,1
2278.0,3
2279.0,1
2281.0,1
2282.0,1
2284.0,2
2288.0,1
2289.0,1
2293.0,2
2300.0,2
2301.0,2
2302.0,2
2304.0,1
2305.0,1
2306.0,1
2307.0,1
2308.0,1
2310.0,2
2313.0,2
2314.0,1
2315.0,2
2316.0,1
2318.0,2
2319.0,1
2322.0,1
2326.0,1
2332.0,1
2335.0,1
2337.0,1
2338.0,1
2339.0,1
2340.0,1
2341.0,1
2344.0,1
2346.0,1
2352.0,1
2353.0,1
2355.0,3
2356.0,2
2357.0,1
2358.0,16
2359.0,3
2361.0,1
2363.0,1
2370.0,1
2373.0,1
2376.0,1
2378.0,1
2381.0,1
2382.0,3
2384.0,1
2390.0,3
2393.0,1
2394.0,2
2399.0,2
2401.0,1
2402.0,1
2404.0,1
2407.0,2
2409.0,1
2410.0,6
2412.0,1
2415.0,3
2423.0,1
2425.0,1
2429.0,1
2430.0,1
2434.0,1
2435.0,2
2439.0,1
2440.0,1
2443.0,1
2444.0,3
2446.0,1
2448.0,2
2449.0,2
2453.0,5
2455.0,1
2457.0,2
2459.0,2
2462.0,3
2463.0,1
2464.0,1
2467.0,1
2475.0,1
2477.0,1
2478.0,1
2480.0,1
2485.0,1
2496.0,1
2510.0,1
2511.0,1
2512.0,2
2513.0,1
2519.0,4
2520.0,1
2521.0,1
2522.0,1
2530.0,3
2537.0,1
2539.0,2
2541.0,2
2542.0,3
2546.0,1
2548.0,1
2550.0,1
2551.0,1
2553.0,1
2554.0,2
2558.0,2
2559.0,3
2564.0,1
2569.0,1
2570.0,1
2571.0,1
2572.0,1
2575.0,1
2584.0,2
2587.0,5
2588.0,1
2591.0,10
2595.0,49
2596.0,2
2598.0,1
2600.0,1
2604.0,2
2614.0,1
2616.0,7
2619.0,1
2620.0,3
2621.0,1
2625.0,1
2631.0,1
2635.0,1
2640.0,1
2642.0,2
2644.0,1
2647.0,1
2652.0,1
2653.0,1
2656.0,2
2658.0,2
2660.0,1
2661.0,1
2663.0,2
2673.0,2
2674.0,1
2676.0,1
2678.0,1
2679.0,2
2680.0,5
2682.0,5
2687.0,1
2688.0,1
2689.0,1
2690.0,1
2692.0,2
2694.0,1
2697.0,1
2700.0,1
2702.0,2
2706.0,1
2709.0,1
2713.0,1
2714.0,1
2719.0,1
2721.0,1
2723.0,1
2725.0,1
2726.0,1
2730.0,1
2732.0,1
2733.0,1
2734.0,1
2736.0,1
2738.0,1
2747.0,2
2748.0,1
2749.0,1
2750.0,1
2751.0,2
2756.0,1
2760.0,2
2763.0,1
2765.0,3
2766.0,1
2768.0,2
2769.0,1
2771.0,2
2773.0,1
2774.0,1
2778.0,1
2783.0,1
2786.0,2
2788.0,2
2790.0,3
2792.0,1
2796.0,3
2798.0,1
2800.0,1
2804.0,1
2805.0,1
2813.0,2
2818.0,1
2820.0,1
2822.0,2
2824.0,1
2825.0,2
2834.0,1
2841.0,1
2845.0,1
2846.0,3
2847.0,1
2852.0,1
2856.0,1
2860.0,1
2861.0,2
2864.0,7
2866.0,9
2872.0,3
2877.0,1
2878.0,2
2879.0,1
2886.0,1
2888.0,1
2889.0,1
2895.0,1
2902.0,1
2914.0,1
2916.0,1
2920.0,1
2922.0,1
2924.0,3
2926.0,1
2932.0,2
2933.0,1
2935.0,1
2937.0,3
2940.0,2
2944.0,2
2950.0,1
2952.0,1
2953.0,1
2955.0,1
2956.0,1
2957.0,1
2958.0,1
2972.0,1
2985.0,1
2991.0,1
3000.0,1
3001.0,1
3002.0,1
3003.0,1
3006.0,1
3007.0,1
3008.0,1
3009.0,2
3013.0,1
3017.0,1
3020.0,1
3023.0,1
3025.0,1
3026.0,2
3029.0,1
3032.0,1
3033.0,1
3036.0,1
3039.0,1
3041.0,2
3044.0,1
3049.0,1
3053.0,1
3057.0,1
3058.0,2
3059.0,1
3064.0,1
3070.0,1
3071.0,1
3072.0,1
3082.0,1
3084.0,1
3086.0,1
3094.0,1
3098.0,3
3099.0,2
3100.0,1
3101.0,1
3103.0,2
3106.0,1
3108.0,1
3116.0,1
3122.0,1
3129.0,1
3131.0,1
3132.0,2
3138.0,1
3140.0,1
3141.0,7
3143.0,1
3144.0,1
3147.0,1
3151.0,1
3152.0,1
3157.0,2
3163.0,3
3164.0,2
3170.0,1
3172.0,1
3175.0,1
3177.0,1
3181.0,1
3194.0,1
3197.0,1
3198.0,1
3203.0,1
3210.0,1
3213.0,3
3216.0,1
3218.0,1
3227.0,37
3233.0,1
3242.0,1
3243.0,1
3244.0,1
3251.0,1
3257.0,1
3258.0,1
3262.0,1
3270.0,1
3271.0,1
3275.0,2
3276.0,1
3277.0,1
3280.0,1
3282.0,1
3283.0,1
3285.0,1
3287.0,1
3298.0,1
3309.0,1
3310.0,2
3313.0,1
3315.0,1
3317.0,2
3319.0,2
3320.0,1
3321.0,1
3331.0,1
3332.0,1
3333.0,1
3335.0,1
3345.0,1
3348.0,1
3350.0,1
3351.0,1
3357.0,1
3362.0,3
3363.0,1
3366.0,1
3367.0,1
3368.0,1
3369.0,1
3374.0,2
3397.0,1
3401.0,1
3407.0,2
3408.0,1
3418.0,1
3422.0,1
3430.0,1
3432.0,1
3439.0,2
3444.0,1
3450.0,6
3454.0,1
3466.0,1
3468.0,1
3473.0,1
3485.0,1
3486.0,1
3489.0,1
3490.0,2
3494.0,1
3496.0,2
3498.0,1
3506.0,1
3510.0,1
3518.0,2
3519.0,1
3525.0,1
3527.0,1
3528.0,1
3534.0,11
3537.0,1
3540.0,2
3552.0,1
3557.0,2
3566.0,1
3570.0,1
3571.0,1
3579.0,2
3593.0,1
3600.0,3
3605.0,1
3610.0,1
3612.0,1
3614.0,1
3631.0,2
3637.0,1
3639.0,1
3657.0,1
3658.0,1
3660.0,1
3662.0,1
3663.0,1
3675.0,1
3680.0,1
3682.0,1
3689.0,1
3691.0,1
3706.0,1
3717.0,1
3720.0,1
3725.0,1
3726.0,1
3727.0,1
3744.0,1
3748.0,1
3749.0,1
3752.0,6
3756.0,1
3757.0,1
3758.0,1
3761.0,1
3766.0,1
3777.0,1
3783.0,1
3794.0,1
3795.0,1
3800.0,1
3817.0,1
3818.0,6
3827.0,2
3830.0,1
3842.0,1
3844.0,1
3850.0,1
3852.0,1
3863.0,2
3866.0,1
3869.0,1
3871.0,1
3876.0,1
3878.0,1
3879.0,1
3882.0,1
3891.0,1
3895.0,1
3896.0,1
3908.0,1
3915.0,1
3920.0,1
3923.0,1
3929.0,1
3930.0,4
3934.0,1
3939.0,2
3945.0,1
3946.0,1
3955.0,2
3963.0,1
3966.0,2
3977.0,1
3986.0,1
3995.0,1
3998.0,1
4000.0,1
4003.0,1
4007.0,1
4010.0,1
4011.0,2
4015.0,1
4026.0,1
4027.0,1
4029.0,1
4034.0,1
4049.0,1
4052.0,1
4053.0,1
4062.0,1
4067.0,1
4075.0,2
4076.0,1
4081.0,1
4083.0,1
4086.0,1
4096.0,1
4099.0,4
4101.0,1
4102.0,1
4105.0,1
4106.0,2
4110.0,4
4115.0,1
4118.0,2
4120.0,1
4121.0,1
4122.0,1
4126.0,7
4127.0,2
4130.0,5
4131.0,1
4132.0,6
4133.0,11
4134.0,1
4138.0,1
4139.0,2
4141.0,1
4142.0,1
4144.0,1
4145.0,2
4146.0,2
4147.0,1
4151.0,1
4152.0,1
4155.0,1
4157.0,2
4159.0,2
4164.0,3
4165.0,2
4171.0,1
4179.0,1
4180.0,1
4186.0,1
4189.0,1
4193.0,2
4199.0,1
4224.0,3
4227.0,1
4228.0,1
4229.0,1
4234.0,1
4236.0,1
4237.0,1
4244.0,1
4249.0,1
4255.0,1
4258.0,1
4259.0,1
4260.0,1
4262.0,1
4279.0,4
4280.0,11
4281.0,2
4282.0,1
4284.0,1
4285.0,2
4292.0,1
4296.0,2
4308.0,1
4310.0,1
4312.0,1
4315.0,1
4320.0,1
4323.0,1
4324.0,1
4332.0,1
4336.0,1
4343.0,1
4344.0,1
4354.0,1
4365.0,2
4370.0,1
4379.0,4
4381.0,1
4382.0,7
4383.0,10
4384.0,5
4385.0,3
4386.0,2
4387.0,1
4391.0,4
4396.0,2
4405.0,1
4418.0,1
4424.0,1
4450.0,1
4452.0,1
4460.0,1
4461.0,1
4462.0,1
4464.0,2
4465.0,1
4466.0,1
4470.0,1
4471.0,1
4474.0,1
4477.0,2
4478.0,1
4479.0,1
4480.0,2
4487.0,1
4492.0,1
4496.0,1
4498.0,1
4501.0,1
4504.0,1
4505.0,1
4506.0,1
4509.0,1
4510.0,3
4511.0,1
4512.0,3
4522.0,1
4523.0,2
4524.0,1
4535.0,2
4536.0,1
4554.0,1
4558.0,1
4579.0,1
4596.0,2
4600.0,1
4601.0,1
4611.0,1
4612.0,1
4615.0,1
4616.0,1
4626.0,1
4641.0,1
4647.0,1
4655.0,1
4657.0,1
4661.0,1
4666.0,1
4695.0,1
4697.0,1
4711.0,1
4715.0,1
4717.0,1
4733.0,1
4735.0,1
4741.0,1
4742.0,1
4745.0,1
4762.0,1
4766.0,1
4770.0,1
4778.0,1
4781.0,1
4792.0,1
4793.0,1
4804.0,1
4805.0,1
4807.0,2
4832.0,1
4850.0,1
4862.0,1
4870.0,1
4871.0,2
4875.0,1
4878.0,1
4885.0,1
4895.0,1
4900.0,5
4920.0,1
4929.0,1
4940.0,1
4950.0,1
4953.0,1
4960.0,1
4972.0,217
4974.0,1
4975.0,1
5029.0,1
5039.0,1
5048.0,1
5060.0,1
5071.0,1
5079.0,1
5100.0,1
5125.0,1
5127.0,1
5131.0,3
5133.0,1
5147.0,1
5152.0,1
5159.0,2
5160.0,1
5173.0,1
5174.0,1
5184.0,1
5187.0,1
5197.0,1
5207.0,1
5234.0,1
5260.0,2
5261.0,1
5267.0,2
5268.0,1
5271.0,1
5282.0,1
5312.0,1
5327.0,1
5345.0,1
5353.0,1
5360.0,1
5362.0,1
5369.0,1
5372.0,1
5374.0,2
5378.0,1
5380.0,3
5389.0,2
5394.0,1
5397.0,1
5406.0,1
5408.0,1
5423.0,1
5433.0,1
5440.0,1
5467.0,1
5468.0,1
5470.0,2
5472.0,1
5491.0,2
5500.0,1
5547.0,2
5557.0,1
5583.0,1
5597.0,1
5609.0,1
5618.0,1
5630.0,1
5641.0,1
5659.0,1
5662.0,1
5673.0,1
5675.0,1
5697.0,1
5700.0,1
5706.0,1
5714.0,1
5716.0,1
5725.0,1
5728.0,2
5732.0,1
5737.0,1
5742.0,1
5754.0,1
5775.0,1
5776.0,1
5783.0,1
5791.0,1
5793.0,2
5825.0,1
5839.0,1
5842.0,1
5848.0,1
5852.0,1
5866.0,1
5873.0,1
5886.0,1
5893.0,1
5897.0,1
5898.0,1
5903.0,1
5917.0,1
5918.0,1
5923.0,1
5926.0,1
5933.0,1
5958.0,1
5960.0,1
5962.0,1
5975.0,4
5977.0,1
5982.0,1
5999.0,1
6002.0,1
6008.0,1
6011.0,1
6012.0,1
6014.0,1
6021.0,1
6022.0,2
6026.0,1
6042.0,1
6051.0,1
6106.0,1
6112.0,1
6118.0,1
6122.0,1
6123.0,1
6165.0,1
6169.0,1
6180.0,1
6185.0,2
6187.0,1
6189.0,1
6190.0,1
6209.0,1
6211.0,1
6225.0,2
6233.0,1
6234.0,1
6237.0,1
6240.0,1
6258.0,1
6277.0,1
6278.0,1
6286.0,1
6307.0,1
6308.0,1
6316.0,1
6336.0,1
6343.0,1
6352.0,1
6361.0,1
6406.0,1
6422.0,1
6426.0,1
6435.0,1
6440.0,1
6446.0,1
6473.0,2
6478.0,1
6502.0,1
6509.0,1
6512.0,1
6519.0,1
6521.0,1
6525.0,2
6527.0,1
6542.0,1
6547.0,1
6564.0,1
6567.0,1
6590.0,1
6595.0,1
6603.0,1
6624.0,1
6631.0,1
6652.0,1
6658.0,1
6705.0,2
6713.0,1
6720.0,1
6734.0,1
6736.0,1
6755.0,1
6761.0,1
6772.0,1
6783.0,1
6784.0,1
6785.0,2
6791.0,1
6801.0,1
6811.0,1
6812.0,1
6838.0,1
6842.0,1
6843.0,1
6849.0,1
6853.0,1
6859.0,1
6873.0,1
6885.0,1
6889.0,1
6890.0,1
6896.0,1
6897.0,1
6902.0,1
6905.0,1
6914.0,1
6917.0,1
6918.0,2
6925.0,1
6927.0,1
6946.0,1
6953.0,1
6954.0,1
6955.0,1
6959.0,1
6969.0,1
6979.0,1
6987.0,1
6991.0,1
6997.0,1
6999.0,1
7000.0,1
7002.0,1
7020.0,1
7022.0,3
7023.0,1
7030.0,1
7031.0,1
7059.0,1
7077.0,1
7080.0,1
7101.0,1
7109.0,1
7110.0,1
7111.0,1
7135.0,1
7137.0,1
7145.0,1
7157.0,1
7174.0,1
7184.0,1
7200.0,1
7207.0,1
7229.0,1
7243.0,1
7248.0,1
7258.0,1
7259.0,102
7277.0,1
7280.0,1
7320.0,2
7328.0,1
7338.0,1
7345.0,1
7412.0,2
7431.0,1
7432.0,1
7438.0,3
7440.0,1
7443.0,1
7447.0,1
7449.0,1
7462.0,2
7478.0,1
7490.0,1
7521.0,1
7533.0,1
7536.0,1
7537.0,1
7540.0,2
7566.0,1
7569.0,1
7574.0,1
7584.0,1
7586.0,1
7593.0,1
7599.0,1
7608.0,1
7611.0,1
7615.0,1
7620.0,1
7632.0,2
7664.0,1
7673.0,1
7680.0,1
7704.0,1
7712.0,1
7714.0,1
7723.0,1
7759.0,1
7779.0,1
7785.0,1
7796.0,1
7804.0,1
7823.0,1
7853.0,3
7865.0,2
7884.0,1
7895.0,1
7901.0,1
7902.0,1
7905.0,1
7906.0,3
7908.0,1
7921.0,1
7940.0,1
7946.0,1
7950.0,1
7952.0,1
7953.0,1
7967.0,2
7973.0,1
7996.0,1
8010.0,1
8013.0,1
8031.0,1
8033.0,1
8036.0,2
8048.0,1
8058.0,1
8067.0,1
8069.0,1
8116.0,1
8174.0,1
8176.0,1
8224.0,1
8232.0,1
8233.0,1
8238.0,1
8252.0,1
8255.0,1
8258.0,1
8259.0,1
8263.0,1
8283.0,1
8286.0,3
8292.0,1
8294.0,2
8316.0,1
8325.0,1
8327.0,1
8343.0,1
8364.0,1
8383.0,3
8421.0,2
8433.0,1
8440.0,1
8447.0,1
8450.0,1
8464.0,1
8497.0,1
8498.0,1
8517.0,1
8520.0,1
8526.0,1
8533.0,1
8534.0,1
8539.0,1
8552.0,1
8553.0,1
8554.0,1
8585.0,2
8591.0,1
8595.0,1
8616.0,3
8618.0,1
8620.0,1
8629.0,1
8638.0,2
8661.0,1
8684.0,3
8687.0,1
8688.0,1
8704.0,1
8706.0,1
8728.0,1
8729.0,1
8737.0,1
8740.0,1
8753.0,1
8787.0,1
8828.0,1
8833.0,1
8837.0,1
8855.0,1
8878.0,1
8881.0,1
8892.0,1
8917.0,1
8941.0,1
8961.0,1
8969.0,1
8971.0,1
9017.0,1
9032.0,1
9071.0,1
9074.0,1
9081.0,1
9103.0,2
9107.0,3
9121.0,1
9156.0,1
9196.0,1
9210.0,1
9212.0,1
9219.0,1
9243.0,1
9253.0,1
9257.0,2
9282.0,1
9288.0,1
9305.0,1
9310.0,1
9323.0,1
9328.0,1
9332.0,1
9354.0,1
9372.0,1
9386.0,1
9424.0,1
9437.0,1
9479.0,1
9485.0,1
9505.0,1
9516.0,1
9518.0,2
9532.0,1
9539.0,1
9551.0,1
9553.0,1
9571.0,1
9579.0,1
9581.0,1
9605.0,1
9606.0,1
9625.0,1
9627.0,1
9645.0,1
9671.0,1
9705.0,1
9729.0,1
9739.0,1
9740.0,1
9760.0,1
9762.0,1
9779.0,1
9791.0,1
9796.0,1
9799.0,1
9809.0,1
9848.0,1
9866.0,1
9888.0,1
9892.0,1
9933.0,1
9959.0,1
9971.0,1
9995.0,1
10011.0,1
10023.0,1
10041.0,1
10074.0,1
10103.0,3
10105.0,1
10106.0,1
10119.0,1
10140.0,1
10156.0,1
10170.0,1
10185.0,1
10210.0,1
10214.0,1
10216.0,1
10225.0,1
10251.0,1
10320.0,1
10335.0,1
10348.0,1
10363.0,1
10375.0,1
10378.0,1
10429.0,1
10446.0,1
10476.0,1
10490.0,1
10503.0,1
10533.0,2
10540.0,1
10569.0,1
10580.0,1
10595.0,1
10605.0,1
10613.0,1
10617.0,1
10705.0,1
10718.0,1
10726.0,1
10727.0,1
10762.0,1
10844.0,1
10879.0,1
10880.0,1
10896.0,1
10905.0,1
10919.0,1
10933.0,1
10936.0,1
10944.0,1
11020.0,1
11027.0,1
11068.0,1
11133.0,1
11135.0,1
11144.0,1
11162.0,1
11163.0,1
11219.0,1
11245.0,2
11268.0,1
11272.0,1
11404.0,1
11408.0,1
11424.0,1
11449.0,1
11462.0,1
11493.0,1
11509.0,1
11535.0,1
11546.0,1
11547.0,2
11580.0,1
11608.0,1
11622.0,1
11640.0,1
11662.0,1
11696.0,1
11711.0,1
11728.0,1
11748.0,1
11758.0,1
11774.0,1
11777.0,1
11825.0,1
11846.0,1
11880.0,1
11900.0,1
11945.0,1
11949.0,1
11955.0,1
11980.0,1
11999.0,1
12007.0,1
12010.0,1
12037.0,1
12042.0,1
12048.0,1
12088.0,1
12130.0,1
12134.0,1
12161.0,1
12254.0,1
12263.0,1
12268.0,1
12297.0,1
12319.0,2
12350.0,1
12372.0,1
12382.0,1
12389.0,1
12405.0,1
12425.0,1
12427.0,1
12460.0,1
12461.0,1
12476.0,1
12483.0,1
12486.0,1
12524.0,1
12593.0,1
12657.0,1
12667.0,1
12740.0,1
12800.0,2
12816.0,1
12852.0,1
12856.0,1
12896.0,1
12978.0,1
13000.0,1
13042.0,1
13079.0,1
13085.0,1
13114.0,1
13125.0,1
13135.0,1
13188.0,2
13209.0,1
13228.0,1
13264.0,1
13324.0,1
13398.0,1
13499.0,1
13520.0,1
13530.0,1
13534.0,1
13535.0,1
13557.0,1
13606.0,1
13621.0,1
13659.0,1
13708.0,1
13726.0,1
13732.0,1
13770.0,1
13777.0,1
13799.0,1
13804.0,1
13812.0,1
13830.0,1
13880.0,1
13888.0,5
13897.0,1
13935.0,5
13965.0,1
13968.0,1
14036.0,1
14051.0,1
14104.0,1
14105.0,1
14110.0,1
14130.0,1
14170.0,1
14211.0,1
14293.0,1
14301.0,1
14318.0,1
14348.0,1
14356.0,1
14385.0,1
14463.0,1
14499.0,1
14597.0,1
14629.0,1
14664.0,1
14744.0,1
14803.0,1
14848.0,1
14852.0,1
14904.0,1
14916.0,1
14922.0,1
14935.0,1
14953.0,1
14983.0,1
15034.0,1
15095.0,1
15105.0,1
15111.0,1
15143.0,1
15216.0,1
15220.0,1
15224.0,1
15241.0,1
15242.0,1
15307.0,1
15354.0,1
15356.0,1
15370.0,1
15374.0,1
15393.0,1
15499.0,1
15622.0,1
15629.0,1
15636.0,1
15703.0,1
15714.0,1
15781.0,1
15841.0,1
15842.0,2
15853.0,1
15861.0,1
15869.0,1
15930.0,1
15970.0,1
15973.0,1
15992.0,1
15994.0,1
15998.0,1
16009.0,1
16051.0,1
16061.0,1
16080.0,1
16138.0,1
16166.0,1
16178.0,1
16195.0,1
16200.0,1
16217.0,1
16218.0,1
16219.0,1
16258.0,1
16264.0,1
16292.0,1
16296.0,2
16308.0,1
16327.0,1
16360.0,1
16388.0,1
16394.0,1
16453.0,1
16474.0,1
16550.0,1
16559.0,1
16561.0,1
16569.0,1
16642.0,1
16644.0,1
16645.0,1
16659.0,1
16694.0,1
16731.0,2
16790.0,1
16859.0,1
16925.0,1
16957.0,1
17000.0,1
17247.0,1
17267.0,1
17278.0,1
17292.0,1
17390.0,1
17488.0,1
17498.0,1
17525.0,1
17556.0,1
17563.0,1
17640.0,1
17768.0,1
17777.0,1
17803.0,1
17854.0,1
17956.0,1
18002.0,1
18026.0,1
18037.0,1
18094.0,1
18134.0,1
18141.0,1
18160.0,1
18178.0,1
18212.0,1
18231.0,1
18242.0,1
18269.0,7
18279.0,1
18327.0,1
18352.0,1
18385.0,1
18461.0,1
18521.0,1
18562.0,1
18665.0,2
18679.0,1
18706.0,1
18745.0,1
18771.0,1
18870.0,1
18877.0,1
18900.0,1
18904.0,1
18935.0,1
18938.0,1
18952.0,1
18959.0,1
19001.0,2
19020.0,1
19036.0,1
19054.0,1
19085.0,1
19182.0,1
19202.0,1
19257.0,1
19292.0,1
19297.0,1
19311.0,1
19322.0,1
19345.0,1
19371.0,1
19479.0,1
19498.0,1
19545.0,2
19592.0,1
19633.0,1
19634.0,1
19732.0,1
19794.0,1
19808.0,1
19837.0,1
19847.0,1
19853.0,2
19855.0,1
19993.0,1
19994.0,1
19999.0,1
20030.0,1
20051.0,1
20087.0,1
20089.0,1
20093.0,2
20094.0,1
20147.0,1
20205.0,1
20249.0,1
20287.0,1
20302.0,1
20373.0,1
20376.0,1
20405.0,1
20410.0,1
20456.0,1
20459.0,1
20585.0,1
20600.0,1
20633.0,1
20646.0,1
20786.0,1
20887.0,1
20889.0,1
20899.0,1
20999.0,2
21002.0,2
21067.0,1
21091.0,1
21111.0,1
21182.0,1
21268.0,1
21283.0,1
21443.0,1
21477.0,1
21523.0,1
21548.0,1
21551.0,2
21570.0,2
21614.0,1
21706.0,1
21713.0,1
21730.0,1
21749.0,1
21760.0,1
21766.0,1
21795.0,1
21902.0,1
21936.0,1
22056.0,1
22226.0,1
22257.0,1
22303.0,1
22350.0,2
22355.0,1
22411.0,1
22489.0,1
22503.0,1
22567.0,1
22592.0,1
22625.0,1
22724.0,1
22753.0,1
22879.0,2
22880.0,1
22883.0,1
22931.0,1
22952.0,1
23032.0,1
23044.0,1
23058.0,1
23064.0,1
23077.0,1
23104.0,1
23106.0,1
23151.0,2
23459.0,1
23470.0,1
23474.0,2
23478.0,4
23516.0,1
23517.0,1
23557.0,1
23654.0,1
23711.0,1
23853.0,1
23857.0,1
23912.0,1
23923.0,1
23935.0,1
23964.0,1
23981.0,1
24150.0,1
24188.0,1
24224.0,1
24240.0,1
24349.0,1
24487.0,1
24545.0,1
24556.0,2
24567.0,1
24705.0,1
24760.0,1
24898.0,5
24899.0,1
24918.0,1
24931.0,1
24997.0,1
25043.0,1
25049.0,1
25062.0,1
25090.0,1
25117.0,1
25184.0,1
25185.0,1
25188.0,1
25354.0,1
25472.0,1
25614.0,1
25641.0,1
25698.0,1
25761.0,1
25820.0,1
25837.0,1
25840.0,1
25854.0,1
25860.0,2
25862.0,1
25890.0,1
25991.0,1
26025.0,2
26050.0,1
26077.0,1
26155.0,1
26172.0,1
26280.0,1
26450.0,1
26484.0,1
26519.0,1
26613.0,1
26714.0,1
27016.0,1
27097.0,1
27159.0,1
27280.0,1
27311.0,1
27369.0,2
27395.0,1
27473.0,2
27669.0,1
27709.0,1
27798.0,1
27800.0,1
27967.0,1
28063.0,1
28082.0,1
28185.0,1
28236.0,1
28334.0,1
28396.0,1
28446.0,1
28511.0,1
28523.0,1
28591.0,1
28833.0,1
28857.0,1
28862.0,1
28882.0,1
29084.0,1
29217.0,1
29289.0,1
29451.0,1
29458.0,1
29615.0,1
29704.0,1
29760.0,1
30028.0,1
30047.0,1
30069.0,1
30115.0,1
30122.0,1
30186.0,1
30220.0,1
30274.0,1
30337.0,1
30370.0,1
30376.0,1
30557.0,1
30568.0,1
30668.0,1
30676.0,1
30699.0,1
30763.0,1
30823.0,1
30889.0,1
30914.0,1
31025.0,1
31062.0,1
31122.0,1
31152.0,1
31171.0,1
31523.0,1
31538.0,1
31628.0,1
31678.0,1
32035.0,1
32108.0,1
32130.0,1
32244.0,1
32282.0,1
32331.0,1
32405.0,1
32451.0,1
32456.0,1
32471.0,1
32509.0,1
32518.0,1
32599.0,1
32600.0,1
32631.0,1
32641.0,2
32778.0,1
32813.0,1
32823.0,1
32830.0,1
33001.0,1
33122.0,1
33174.0,11
33351.0,2
33392.0,1
33449.0,1
33562.0,6
33671.0,2
33684.0,1
33693.0,1
33777.0,1
33835.0,1
33843.0,1
33857.0,1
33907.0,1
34043.0,1
34062.0,1
34082.0,1
34093.0,1
34094.0,2
34211.0,1
34220.0,1
34248.0,1
34366.0,2
34372.0,1
34405.0,1
34483.0,1
34632.0,1
34711.0,1
34839.0,1
35047.0,1
35153.0,1
35177.0,1
35348.0,1
35485.0,1
35505.0,1
35586.0,1
35610.0,1
35615.0,1
35657.0,1
35698.0,1
36002.0,1
36062.0,1
36088.0,1
36202.0,1
36275.0,1
36302.0,1
36320.0,1
36351.0,1
36420.0,1
36551.0,1
36647.0,1
36668.0,1
36811.0,1
36817.0,1
36820.0,1
36828.0,1
36889.0,1
36927.0,1
37020.0,1
37062.0,1
37128.0,1
37157.0,1
37159.0,1
37181.0,2
37363.0,1
37388.0,1
37471.0,1
37489.0,1
37538.0,1
37765.0,1
37792.0,1
37869.0,1
37965.0,1
38020.0,1
38068.0,1
38116.0,1
38152.0,1
38212.0,1
38221.0,1
38326.0,1
38331.0,1
38337.0,1
38613.0,1
38657.0,1
38746.0,1
38956.0,1
38969.0,1
39201.0,1
39210.0,1
39276.0,1
39297.0,1
39344.0,1
39392.0,1
39451.0,1
39471.0,1
39565.0,1
39674.0,1
39739.0,1
39747.0,1
39759.0,1
39791.0,1
39829.0,1
39902.0,1
39909.0,1
40042.0,1
40302.0,1
40335.0,1
40356.0,1
40442.0,1
40451.0,1
40452.0,1
40523.0,1
40682.0,1
40756.0,1
40827.0,1
40949.0,1
41020.0,1
41107.0,1
41133.0,1
41222.0,1
41316.0,1
41465.0,1
41515.0,1
41585.0,1
41587.0,1
41726.0,1
42201.0,1
42433.0,1
42499.0,1
42545.0,1
42777.0,1
42799.0,1
42849.0,1
42868.0,1
43068.0,1
43116.0,1
43134.0,1
43168.0,1
43355.0,1
43361.0,1
43445.0,1
43582.0,1
43611.0,1
43740.0,1
43840.0,1
43968.0,1
43981.0,1
44060.0,1
44246.0,1
44362.0,1
44837.0,1
44848.0,1
45229.0,1
45357.0,1
45422.0,1
45876.0,1
46044.0,1
46270.0,1
46280.0,1
46304.0,1
46306.0,1
46345.0,1
46347.0,1
46386.0,1
46435.0,1
46443.0,1
46466.0,1
46517.0,1
46564.0,1
46586.0,1
46641.0,1
46686.0,1
46759.0,1
46764.0,1
46811.0,1
46942.0,1
47074.0,1
47292.0,1
47316.0,1
47352.0,1
47434.0,1
47627.0,1
47641.0,1
47646.0,1
47665.0,1
47813.0,1
47887.0,1
47918.0,1
47941.0,1
47961.0,1
47975.0,1
48074.0,1
48152.0,1
48270.0,1
48762.0,1
48793.0,1
48911.0,1
48973.0,1
48998.0,1
49025.0,1
49093.0,1
49148.0,1
49165.0,1
49215.0,1
49218.0,1
49299.0,1
49545.0,1
49560.0,1
49733.0,1
49782.0,1
49832.0,1
50014.0,1
50047.0,1
50054.0,1
50056.0,1
50059.0,1
50112.0,1
50173.0,1
50248.0,1
50262.0,1
50275.0,1
50300.0,1
50341.0,1
50421.0,1
50563.0,1
50658.0,1
50764.0,1
50837.0,1
50854.0,1
50946.0,1
51178.0,1
51267.0,1
51340.0,1
51387.0,1
51655.0,1
51703.0,1
51772.0,1
52187.0,1
52230.0,1
52255.0,1
52269.0,1
52438.0,1
52452.0,1
52624.0,1
52711.0,1
52800.0,1
52833.0,1
52851.0,1
52924.0,1
52978.0,1
53090.0,1
53213.0,1
53392.0,1
53425.0,1
53695.0,1
53795.0,1
53879.0,1
53924.0,1
54095.0,1
54141.0,1
54152.0,1
54235.0,1
54320.0,1
54796.0,1
54877.0,1
54907.0,1
55248.0,1
55516.0,1
55583.0,1
55589.0,1
55659.0,1
55719.0,1
55739.0,1
55762.0,1
55937.0,1
55974.0,1
56028.0,1
56275.0,1
56284.0,1
56326.0,1
56344.0,1
56475.0,1
56490.0,1
56492.0,1
56539.0,1
56588.0,1
56654.0,1
56659.0,1
56662.0,1
56729.0,1
56754.0,2
56762.0,1
56847.0,1
56851.0,1
56903.0,1
56951.0,1
57189.0,1
57222.0,1
57279.0,1
57283.0,1
57334.0,1
57417.0,1
57604.0,1
57700.0,1
57730.0,1
57892.0,1
57958.0,1
58006.0,1
58009.0,1
58119.0,1
58444.0,1
58507.0,1
58509.0,1
58620.0,1
58800.0,1
58891.0,1
59469.0,1
59515.0,1
59538.0,1
59722.0,1
59851.0,1
59870.0,1
59913.0,1
60074.0,1
60113.0,1
60205.0,1
60287.0,1
60292.0,1
60387.0,1
60479.0,1
60662.0,1
60761.0,1
60853.0,1
60887.0,1
60927.0,1
60933.0,1
61008.0,1
61062.0,1
61089.0,1
61180.0,1
61476.0,1
61492.0,1
61504.0,1
61533.0,1
61588.0,1
61643.0,1
61687.0,1
61704.0,1
61764.0,1
61779.0,1
61887.0,1
61955.0,1
62003.0,1
62107.0,1
62222.0,1
62316.0,1
62564.0,1
62569.0,1
62591.0,1
62600.0,1
62692.0,1
62702.0,1
62793.0,1
62913.0,1
63222.0,1
63259.0,1
63301.0,1
63381.0,1
63473.0,1
63489.0,1
63523.0,1
63557.0,1
63565.0,1
63568.0,1
63649.0,1
63663.0,1
63733.0,1
63746.0,1
63795.0,1
63895.0,1
63908.0,1
63924.0,1
63930.0,1
64126.0,1
64135.0,1
64194.0,1
64259.0,1
64322.0,1
64515.0,1
64552.0,1
64761.0,1
64784.0,1
64860.0,1
64927.0,1
64952.0,1
65139.0,1
65222.0,1
65270.0,1
65279.0,1
65290.0,1
65480.0,1
65540.0,1
65726.0,1
65760.0,1
65813.0,1
65849.0,1
65940.0,1
65952.0,1
66005.0,1
66055.0,1
66062.0,1
66173.0,1
66310.0,1
66531.0,1
66732.0,1
66790.0,1
66841.0,1
66875.0,1
66879.0,1
66898.0,1
66936.0,1
66968.0,1
67298.0,1
67488.0,1
67578.0,1
67589.0,1
67702.0,1
67931.0,1
67989.0,1
68074.0,1
68082.0,1
68093.0,1
68125.0,1
68229.0,1
68432.0,1
68517.0,1
68615.0,1
68634.0,1
68647.0,1
68786.0,1
68822.0,1
68951.0,1
68988.0,1
69025.0,1
69210.0,1
69462.0,1
69617.0,1
69620.0,1
69638.0,1
69714.0,1
69758.0,1
69769.0,1
69917.0,1
70008.0,1
70090.0,1
70203.0,1
70237.0,1
70268.0,1
70476.0,1
70499.0,1
70889.0,1
70991.0,1
71234.0,1
71295.0,1
71313.0,1
71370.0,1
71404.0,1
71540.0,1
71585.0,1
71591.0,1
71595.0,1
71623.0,1
71634.0,1
71694.0,1
71760.0,1
71762.0,1
71789.0,1
72287.0,1
72335.0,146
72378.0,1
72505.0,1
72762.0,1
72764.0,1
72808.0,2
72831.0,1
72856.0,1
72871.0,1
72894.0,1
73038.0,1
73160.0,1
73271.0,1
73475.0,1
73751.0,1
73766.0,1
73815.0,2
74066.0,1
74136.0,1
74472.0,1
74475.0,1
74685.0,1
74804.0,1
74962.0,1
74969.0,1
75137.0,1
75182.0,1
75279.0,1
75365.0,1
75393.0,1
75450.0,1
75575.0,1
75721.0,1
75745.0,1
75872.0,1
75874.0,1
75880.0,2
75883.0,1
75886.0,1
75891.0,1
75894.0,1
75903.0,1
75904.0,2
75908.0,1
75914.0,1
75915.0,1
75916.0,1
75921.0,1
75922.0,1
75948.0,1
75967.0,4
75973.0,1
75979.0,2
75981.0,2
75990.0,1
75996.0,1
76009.0,1
76010.0,1
76026.0,1
76054.0,1
76118.0,1
76130.0,1
76154.0,1
76173.0,1
76180.0,1
76291.0,1
76407.0,1
76578.0,1
76636.0,1
76750.0,1
76761.0,1
76912.0,1
76913.0,1
77034.0,1
77047.0,1
77231.0,1
77259.0,1
77352.0,1
77375.0,1
77398.0,1
77419.0,2
77591.0,1
77641.0,1
77862.0,1
77878.0,1
77944.0,1
78082.0,1
78090.0,1
78251.0,1
78285.0,1
78314.0,1
78318.0,1
78327.0,1
78341.0,1
78406.0,1
78489.0,1
78526.0,1
78593.0,1
78786.0,1
78825.0,1
78844.0,1
78860.0,1
78969.0,1
79061.0,1
79229.0,1
79626.0,1
79747.0,1
79861.0,1
79899.0,1
79953.0,1
79966.0,1
79981.0,1
80007.0,1
80065.0,1
80087.0,1
80305.0,1
80412.0,1
80474.0,1
80511.0,1
80533.0,1
80913.0,1
80969.0,1
81092.0,1
81157.0,1
81199.0,1
81297.0,1
81376.0,1
81392.0,1
81411.0,1
81492.0,1
81591.0,1
81610.0,1
81614.0,1
81664.0,1
81675.0,1
81811.0,1
81846.0,1
81854.0,1
81900.0,1
82095.0,1
82099.0,1
82100.0,1
82131.0,1
82221.0,1
82342.0,1
82725.0,1
82797.0,1
83170.0,1
83209.0,1
83265.0,1
83297.0,1
83380.0,1
83625.0,1
83659.0,1
83698.0,1
83780.0,1
83888.0,1
84018.0,1
84033.0,1
84066.0,1
84160.0,1
84254.0,1
84398.0,1
84450.0,1
84553.0,1
84600.0,1
84637.0,1
84668.0,1
84672.0,1
84741.0,1
85047.0,1
85098.0,1
85128.0,1
85183.0,1
85365.0,1
85378.0,1
85410.0,1
85444.0,1
85494.0,1
85552.0,1
85685.0,1
85721.0,1
85910.0,1
86030.0,1
86138.0,1
86233.0,1
86344.0,1
86445.0,1
86611.0,1
86615.0,1
86623.0,1
86639.0,1
86682.0,1
86718.0,1
86729.0,1
86741.0,1
86872.0,1
87061.0,1
87079.0,1
87108.0,1
87150.0,1
87209.0,1
87217.0,1
87316.0,1
87379.0,1
87472.0,1
87691.0,1
87712.0,1
87729.0,1
87824.0,1
88138.0,1
88242.0,1
88264.0,1
88454.0,1
88518.0,1
88547.0,1
88570.0,1
88660.0,1
88748.0,1
88820.0,1
88887.0,1
88903.0,1
89056.0,1
89064.0,1
89128.0,1
89195.0,1
89275.0,1
89282.0,1
89378.0,1
89416.0,1
89482.0,1
89492.0,1
89528.0,1
89546.0,1
89671.0,1
89673.0,1
89789.0,1
89801.0,1
89860.0,1
89906.0,1
89924.0,1
89992.0,1
90049.0,1
90201.0,1
90203.0,1
90241.0,1
90516.0,1
90560.0,1
90639.0,1
90648.0,1
90681.0,1
90773.0,1
90856.0,1
91063.0,1
91105.0,1
91167.0,1
91328.0,2
91509.0,1
91533.0,1
91570.0,1
91692.0,1
91709.0,1
91740.0,1
91797.0,1
91924.0,1
91995.0,1
92018.0,1
92039.0,1
92070.0,1
92101.0,1
92165.0,1
92178.0,1
92182.0,1
92205.0,1
92209.0,1
92329.0,1
92422.0,1
92456.0,1
92494.0,1
92518.0,1
92525.0,1
92572.0,1
92574.0,1
92605.0,1
92629.0,2
92644.0,1
92647.0,1
92784.0,1
92846.0,1
93082.0,1
93167.0,1
93197.0,1
93223.0,1
93224.0,1
93257.0,1
93269.0,1
93270.0,1
93603.0,1
93641.0,1
93779.0,1
93800.0,1
93924.0,1
94025.0,1
94065.0,1
94097.0,1
94126.0,1
94134.0,1
94339.0,1
94404.0,1
94654.0,1
94789.0,1
94846.0,1
94891.0,1
94899.0,1
95045.0,1
95131.0,1
95135.0,1
95173.0,1
95174.0,1
95189.0,1
95192.0,1
95276.0,1
95286.0,1
95340.0,1
95441.0,1
95636.0,1
95769.0,1
96055.0,1
96243.0,1
96263.0,1
96287.0,1
96298.0,1
96333.0,1
96455.0,1
96508.0,1
96572.0,1
96614.0,1
96732.0,1
96919.0,1
96944.0,1
96999.0,1
97001.0,1
97045.0,1
97053.0,1
97109.0,1
97115.0,1
97140.0,1
97193.0,1
97260.0,1
97271.0,1
97290.0,1
97333.0,1
97480.0,1
97643.0,1
97647.0,1
97812.0,1
98004.0,1
98114.0,1
98143.0,1
98178.0,1
98208.0,1
98234.0,1
98273.0,1
98395.0,1
98472.0,1
98571.0,1
98769.0,1
98786.0,1
98903.0,1
99065.0,1
99109.0,1
99169.0,1
99260.0,1
99404.0,1
99516.0,1
99528.0,1
99532.0,1
99547.0,1
99841.0,1
100045.0,1
100086.0,1
100121.0,1
100182.0,1
100187.0,1
100316.0,1
100349.0,1
100414.0,1
100426.0,1
100429.0,1
100592.0,1
100636.0,1
100716.0,1
100721.0,1
100737.0,1
101099.0,1
101124.0,1
101221.0,1
101300.0,1
101484.0,1
101636.0,1
101980.0,1
102046.0,1
102053.0,1
102284.0,1
102370.0,1
102372.0,1
102488.0,1
102553.0,1
102653.0,2
102752.0,1
103086.0,1
103441.0,1
103442.0,1
103446.0,1
103476.0,1
103522.0,1
103564.0,1
103630.0,1
103870.0,1
103944.0,1
103974.0,1
104571.0,1
104586.0,1
104638.0,1
104674.0,1
104758.0,1
104869.0,1
104979.0,1
105124.0,1
105231.0,1
105570.0,1
105864.0,1
105921.0,1
106090.0,1
106283.0,1
106465.0,1
106487.0,1
106550.0,1
106600.0,1
106677.0,1
106803.0,1
106934.0,1
107010.0,1
107095.0,1
107158.0,1
107181.0,1
107350.0,1
107463.0,1
107679.0,1
107977.0,1
108071.0,1
108199.0,1
108349.0,1
108510.0,1
108615.0,1
109091.0,2
109305.0,1
109574.0,1
109690.0,1
109696.0,1
109723.0,1
109736.0,1
109985.0,1
110071.0,1
110093.0,1
110202.0,1
110292.0,1
110428.0,1
110469.0,1
110712.0,1
111058.0,1
111097.0,1
111498.0,1
111505.0,1
111533.0,1
111598.0,1
111621.0,1
111869.0,1
111891.0,1
111989.0,1
112170.0,1
112302.0,1
112371.0,1
112462.0,1
112538.0,1
112605.0,1
112644.0,1
112740.0,1
112760.0,1
112785.0,1
112903.0,1
113138.0,1
113442.0,1
113542.0,1
113959.0,1
113973.0,1
114061.0,1
114072.0,1
114185.0,1
114280.0,1
114323.0,1
114388.0,1
114392.0,1
114438.0,1
114459.0,1
114597.0,1
114841.0,1
114909.0,1
114944.0,1
114992.0,1
115158.0,1
115375.0,1
115388.0,1
115422.0,1
115468.0,1
115753.0,1
115902.0,1
116054.0,1
116319.0,1
116474.0,1
116598.0,1
116680.0,1
116688.0,1
116745.0,1
116772.0,1
116925.0,1
116934.0,1
116943.0,1
116986.0,1
116994.0,1
117000.0,1
117047.0,1
117176.0,1
117382.0,1
117544.0,1
117586.0,1
117637.0,1
117640.0,1
117783.0,1
117784.0,1
117786.0,1
118080.0,1
118338.0,1
118431.0,1
118445.0,1
118672.0,1
118775.0,3
118813.0,1
118896.0,1
119108.0,1
119426.0,1
119500.0,1
119656.0,1
119799.0,1
119806.0,1
119894.0,1
120121.0,1
120463.0,1
120491.0,1
120558.0,1
120902.0,1
120930.0,1
121030.0,1
121196.0,1
121653.0,1
121747.0,1
121801.0,1
122005.0,1
122141.0,1
122170.0,1
122371.0,1
122494.0,1
122544.0,1
122568.0,1
122648.0,1
122651.0,1
122677.0,1
122804.0,1
122871.0,1
122897.0,1
122910.0,1
122936.0,1
123007.0,1
123366.0,1
123430.0,1
123451.0,1
123453.0,1
123464.0,1
123621.0,1
123640.0,1
123949.0,1
123962.0,1
124080.0,1
124156.0,1
124293.0,1
124718.0,1
124809.0,1
124812.0,1
124910.0,1
125019.0,1
125126.0,1
125490.0,1
125660.0,1
125872.0,1
126241.0,1
126275.0,1
126371.0,1
126393.0,1
126413.0,1
126447.0,1
126823.0,1
127187.0,1
127198.0,1
127475.0,1
127481.0,1
127592.0,1
127705.0,1
127796.0,1
127815.0,1
127889.0,1
128166.0,1
128357.0,1
128468.0,1
128497.0,1
128519.0,1
128534.0,1
128606.0,2
128629.0,1
128717.0,1
128733.0,1
128745.0,1
128752.0,1
128808.0,1
128835.0,1
129231.0,1
129244.0,1
129259.0,1
129333.0,1
129340.0,1
129390.0,1
129704.0,1
129777.0,1
129819.0,1
129984.0,1
130206.0,1
130408.0,1
130494.0,1
130530.0,1
130698.0,1
130731.0,1
131163.0,1
131214.0,1
131232.0,1
131244.0,1
131305.0,1
131306.0,1
131380.0,1
131482.0,1
131483.0,1
131516.0,1
131520.0,1
131642.0,1
131681.0,1
131872.0,1
131918.0,1
131947.0,1
131957.0,1
132021.0,2
132076.0,1
132080.0,1
132198.0,1
132438.0,1
132466.0,1
132506.0,1
132635.0,1
132711.0,1
132908.0,1
133057.0,1
133204.0,1
133350.0,1
133363.0,1
133522.0,1
133551.0,1
133772.0,1
133863.0,1
133959.0,1
134171.0,1
134305.0,1
134398.0,1
134471.0,1
134599.0,1
134668.0,1
134795.0,1
134915.0,1
134929.0,2
134939.0,1
135029.0,1
135201.0,1
135222.0,1
135229.0,1
135234.0,1
135267.0,1
135302.0,1
135463.0,1
135466.0,1
135543.0,1
135553.0,1
135577.0,1
135586.0,1
135602.0,1
135613.0,1
135660.0,1
135708.0,1
135763.0,1
135784.0,1
135786.0,1
135835.0,1
136047.0,1
136094.0,1
136101.0,1
136104.0,1
136123.0,1
136163.0,1
136211.0,1
136229.0,1
136296.0,1
136385.0,1
136446.0,1
136852.0,1
136955.0,1
136984.0,1
137297.0,1
137317.0,1
137344.0,1
137436.0,1
137534.0,1
137544.0,1
137610.0,1
137707.0,1
137862.0,2
137936.0,1
137971.0,1
138047.0,1
138049.0,1
138244.0,1
138467.0,1
138541.0,1
138680.0,1
138699.0,1
138772.0,1
138784.0,1
138863.0,1
139063.0,1
139080.0,1
139121.0,1
139211.0,1
139214.0,1
139337.0,1
139346.0,1
139511.0,1
139521.0,1
139609.0,1
139881.0,1
139887.0,1
139897.0,1
139900.0,1
140194.0,1
140358.0,1
140396.0,1
140452.0,1
140600.0,1
140696.0,1
140777.0,1
140880.0,1
140910.0,1
141042.0,1
141102.0,1
141251.0,1
141623.0,1
141651.0,1
141677.0,1
141794.0,1
141867.0,1
141901.0,1
142000.0,1
142312.0,2
142333.0,1
142642.0,1
142750.0,1
142852.0,1
142914.0,1
143011.0,1
143014.0,1
143075.0,1
143080.0,1
143211.0,1
143277.0,1
143406.0,1
143707.0,1
143775.0,1
143846.0,1
143929.0,1
143993.0,1
143997.0,1
144015.0,1
144052.0,1
144308.0,1
144377.0,1
144760.0,1
144888.0,1
144981.0,1
145013.0,1
145022.0,1
145048.0,1
145169.0,1
145300.0,1
145424.0,1
145492.0,1
145520.0,1
145534.0,1
145540.0,1
145588.0,1
145783.0,1
145821.0,1
145854.0,1
145890.0,1
145922.0,1
146167.0,1
146247.0,1
146275.0,1
146293.0,1
146314.0,1
146353.0,1
146373.0,1
146417.0,1
146448.0,1
146551.0,1
146620.0,1
146634.0,1
146851.0,1
146977.0,1
147093.0,1
147097.0,1
147333.0,1
147413.0,1
147455.0,1
147485.0,1
147639.0,1
147672.0,1
147675.0,1
147969.0,1
147984.0,1
148084.0,1
148101.0,1
148143.0,1
148259.0,1
148333.0,1
148432.0,1
148476.0,1
148497.0,1
148631.0,1
148698.0,1
149102.0,1
149221.0,1
149252.0,1
149524.0,1
149610.0,1
150422.0,1
150778.0,1
150781.0,1
150806.0,1
150906.0,1
150965.0,1
151041.0,1
151064.0,1
151338.0,1
151380.0,1
151410.0,1
151497.0,1
151648.0,1
151773.0,1
151780.0,1
151959.0,1
152006.0,1
152039.0,1
152209.0,1
152429.0,1
152446.0,1
152700.0,1
152701.0,1
152765.0,1
152819.0,1
152853.0,1
152863.0,1
152876.0,1
152881.0,1
152970.0,1
153044.0,1
153101.0,1
153208.0,1
153282.0,1
153322.0,1
153358.0,1
153379.0,1
153499.0,1
153944.0,1
154124.0,1
154229.0,1
154243.0,1
154340.0,1
154366.0,1
154401.0,1
154411.0,1
154483.0,1
154976.0,1
155003.0,1
155054.0,1
155119.0,1
155222.0,1
155373.0,1
155602.0,1
155671.0,1
155732.0,1
155944.0,1
155966.0,1
156186.0,1
156242.0,1
156322.0,1
156413.0,1
156523.0,1
156599.0,1
156747.0,1
156761.0,1
156833.0,1
156886.0,1
157150.0,1
157160.0,1
157313.0,1
157565.0,1
157768.0,1
157988.0,1
158031.0,1
158041.0,1
158112.0,1
158144.0,1
158218.0,1
158273.0,8
158333.0,1
158362.0,1
158369.0,1
158561.0,1
158696.0,1
158701.0,1
158736.0,1
159238.0,1
159357.0,1
159424.0,1
159463.0,1
159700.0,1
159751.0,1
159993.0,1
159999.0,1
160020.0,1
160085.0,1
160240.0,1
160462.0,1
160521.0,1
160531.0,1
160631.0,1
160696.0,1
160948.0,1
160975.0,1
161141.0,1
161186.0,1
161402.0,1
161440.0,1
161525.0,1
161613.0,1
161717.0,1
161719.0,1
161749.0,1
161990.0,1
162569.0,1
162676.0,1
162717.0,1
162790.0,1
162941.0,1
163008.0,1
163223.0,1
163488.0,1
163615.0,1
163661.0,1
163709.0,1
163816.0,1
164322.0,1
164380.0,1
164455.0,1
164458.0,1
164544.0,1
164600.0,1
164673.0,1
164744.0,1
164911.0,1
165080.0,1
165174.0,1
165353.0,1
165377.0,1
165440.0,1
165698.0,1
165763.0,1
165906.0,1
166253.0,1
166308.0,1
166338.0,1
166346.0,1
166353.0,1
166417.0,1
166522.0,1
166547.0,1
166607.0,1
166752.0,1
166766.0,1
166919.0,1
166930.0,1
167367.0,1
167749.0,1
168055.0,1
168111.0,1
168281.0,1
168307.0,1
168353.0,1
168377.0,1
168465.0,1
168473.0,1
168528.0,1
168529.0,1
168628.0,1
168725.0,1
169069.0,1
169209.0,1
169383.0,1
169426.0,1
169695.0,1
169719.0,1
169982.0,1
169986.0,1
170046.0,1
170109.0,1
170131.0,1
170145.0,1
170195.0,1
170287.0,1
170444.0,1
170463.0,1
170528.0,1
170583.0,1
170618.0,1
170623.0,1
170759.0,1
170793.0,1
170844.0,1
170883.0,1
170887.0,1
171005.0,1
171011.0,1
171904.0,1
171906.0,1
171978.0,1
172104.0,1
172194.0,1
172199.0,1
172240.0,1
172242.0,1
172389.0,1
172394.0,1
172497.0,1
172885.0,1
173200.0,1
173207.0,1
173560.0,1
174045.0,1
174376.0,1
174840.0,1
174972.0,1
175007.0,1
175061.0,1
175126.0,1
175136.0,1
175235.0,1
175292.0,1
175507.0,1
175561.0,1
175938.0,1
175950.0,1
176173.0,1
176180.0,1
176276.0,1
176392.0,1
176451.0,1
176668.0,1
176765.0,1
176929.0,1
177537.0,1
177609.0,1
177635.0,1
177745.0,1
178004.0,1
178014.0,1
178104.0,1
178883.0,1
178969.0,1
178985.0,1
179021.0,1
179363.0,1
179417.0,1
179655.0,1
179796.0,1
179847.0,1
179986.0,1
180044.0,1
180381.0,1
180455.0,1
180467.0,1
180489.0,1
180821.0,1
180850.0,1
180881.0,1
181034.0,1
181057.0,1
181091.0,1
181294.0,1
181369.0,1
182458.0,1
182529.0,1
182825.0,1
182895.0,1
183102.0,1
183104.0,1
183107.0,1
183268.0,1
183496.0,1
183840.0,1
183907.0,1
184141.0,1
184157.0,1
184248.0,1
184365.0,1
184433.0,1
184476.0,1
184662.0,1
184734.0,1
184911.0,1
185079.0,1
185361.0,1
185379.0,1
185662.0,1
185686.0,1
185896.0,1
186016.0,1
186251.0,1
186466.0,1
186560.0,1
186586.0,1
186752.0,1
186775.0,1
186813.0,1
186964.0,1
187006.0,1
187139.0,1
187158.0,1
187295.0,1
187326.0,1
187725.0,1
187765.0,1
187848.0,1
187912.0,1
187990.0,1
188202.0,1
188223.0,1
188273.0,1
188382.0,1
188777.0,1
189104.0,1
189147.0,1
189194.0,1
189197.0,1
189277.0,1
189658.0,1
189659.0,1
189706.0,1
189826.0,1
189834.0,1
189916.0,1
189923.0,1
190035.0,1
190094.0,1
190150.0,1
190166.0,1
190327.0,1
190521.0,1
190575.0,1
190941.0,1
190946.0,1
190968.0,1
190993.0,1
191381.0,1
191505.0,1
191508.0,1
191592.0,1
191816.0,1
191873.0,1
191884.0,1
192000.0,1
192090.0,1
192710.0,1
192729.0,1
192755.0,1
192950.0,1
193219.0,1
193668.0,1
193741.0,1
193868.0,1
193929.0,1
194174.0,1
194344.0,1
194919.0,1
194944.0,1
195085.0,1
195557.0,1
195814.0,1
195826.0,1
195876.0,2
195973.0,1
196154.0,1
196170.0,1
196437.0,1
196521.0,1
196593.0,1
196595.0,1
196623.0,1
196624.0,1
196964.0,1
197135.0,1
197544.0,1
197747.0,1
198112.0,1
198172.0,1
198228.0,1
198357.0,1
198391.0,1
198821.0,1
199145.0,1
199183.0,1
199488.0,1
200275.0,1
200661.0,1
200692.0,1
200956.0,1
201025.0,1
201131.0,1
201353.0,1
201375.0,1
201380.0,1
201403.0,1
201479.0,1
201535.0,1
202097.0,1
202107.0,1
202184.0,1
202347.0,1
202507.0,1
202595.0,1
202768.0,1
202879.0,2
203124.0,1
203136.0,1
203149.0,1
203483.0,1
203931.0,1
204044.0,1
204111.0,1
204162.0,1
204309.0,1
204330.0,1
204356.0,1
204358.0,1
204809.0,1
204855.0,1
204921.0,1
204997.0,1
205033.0,1
205058.0,1
205121.0,1
205145.0,1
205162.0,1
205184.0,1
205303.0,1
205340.0,1
205356.0,1
205384.0,1
205514.0,1
205670.0,1
205804.0,1
205859.0,1
206124.0,1
206146.0,1
206224.0,1
206328.0,1
206492.0,1
206958.0,1
207009.0,1
207045.0,1
207089.0,1
207401.0,1
207681.0,1
207732.0,1
207841.0,1
208017.0,1
208101.0,1
208123.0,1
208155.0,1
208825.0,1
209191.0,1
209685.0,1
209748.0,1
209952.0,1
210092.0,1
210405.0,1
210416.0,1
210637.0,1
210669.0,1
210736.0,1
210836.0,1
211044.0,1
211277.0,1
211292.0,1
211309.0,1
211440.0,1
211677.0,1
211694.0,1
211921.0,1
211927.0,1
212068.0,1
212712.0,1
212770.0,1
212788.0,1
212866.0,1
212930.0,1
213018.0,1
213218.0,1
213259.0,1
213444.0,1
213591.0,1
214086.0,1
214168.0,1
214529.0,1
214544.0,1
214736.0,1
214832.0,1
214994.0,1
215078.0,1
215130.0,1
215232.0,1
215281.0,1
215507.0,1
215976.0,1
216208.0,1
216277.0,1
216591.0,1
216601.0,1
216668.0,1
216737.0,1
216938.0,1
217068.0,1
217128.0,1
217177.0,1
217219.0,1
217388.0,1
217520.0,1
217576.0,1
217633.0,1
217672.0,1
217741.0,1
217826.0,1
217868.0,1
217938.0,1
217943.0,1
218004.0,1
218224.0,1
218340.0,1
218654.0,1
218675.0,1
218695.0,1
218918.0,1
219056.0,1
219106.0,1
219826.0,1
219842.0,1
219848.0,1
220105.0,1
220214.0,1
220215.0,1
220355.0,1
220395.0,1
220456.0,1
220552.0,1
220659.0,1
220669.0,1
220694.0,1
220865.0,1
221059.0,1
221073.0,1
221344.0,1
221629.0,1
221631.0,1
221651.0,1
221653.0,1
221681.0,1
222173.0,1
222988.0,1
223004.0,1
223129.0,1
223369.0,1
223508.0,1
224356.0,1
224414.0,1
224740.0,1
224742.0,1
224795.0,1
224880.0,1
225407.0,1
225540.0,1
225624.0,1
225943.0,1
226085.0,1
226186.0,1
226894.0,1
226929.0,1
226958.0,1
227031.0,1
227061.0,1
227070.0,1
227168.0,1
227201.0,1
227273.0,1
227279.0,1
227312.0,1
227351.0,1
227401.0,1
227491.0,1
227624.0,2
227933.0,1
228076.0,1
228193.0,1
228309.0,1
228683.0,1
228900.0,1
229260.0,1
229371.0,1
229446.0,1
229758.0,1
229804.0,1
229930.0,1
229981.0,1
230230.0,1
230258.0,1
230273.0,1
230296.0,1
230343.0,1
230437.0,1
230472.0,1
230539.0,1
231071.0,1
231150.0,1
232244.0,1
232746.0,1
244372.0,1
245976.0,1
249492.0,8
251791.0,1
253655.0,1
265590.0,1
267853.0,1
270812.0,1
279012.0,2
282207.0,1
283308.0,18
284880.0,1
295511.0,8
295767.0,81
296194.0,13
311254.0,1
316319.0,1
329637.0,1
332438.0,1
367447.0,1
369216.0,1
369239.0,2
370178.0,4
381512.0,1
466821.0,1
481623.0,51
481708.0,37
492716.0,35
497759.0,1
502160.0,1
564311.0,1
584862.0,1
659899.0,1
668343.0,1
680488.0,1
697827.0,1
807255.0,1
906314.0,1
915881.0,1
916969.0,1
2118202.0,1
2438974.0,1
3412980.0,1
