pesectionProcessed_resourcesMeanSize,sample_sha1
0.0,1905
16.0,19
36.0,1
43.0,2
48.0,2
50.0,1
53.0,3
56.0,1
60.0,3
62.0,2
64.0,3
66.0,4
68.0,10
70.0,1
71.0,5
72.0,2
74.0,2
76.0,1
79.0,1
86.0,7
88.0,1
92.0,3
96.0,2
98.0,4
99.0,1
100.0,3
101.0,1
108.0,1
112.0,42
114.0,2
123.0,1
126.0,2
130.0,4
131.0,2
132.0,1
134.0,1
139.0,1
140.0,1
141.0,4
142.0,2
143.0,1
148.0,1
156.0,7
158.0,3
159.0,1
161.0,6
164.0,7
165.0,1
166.0,5
167.0,1
168.0,2
170.0,53
171.0,6
172.0,2
174.0,1
175.0,48
176.0,1
178.0,1
180.0,7
184.0,1
187.0,1
188.0,14
189.0,1
192.0,3
194.0,17
197.0,1
198.0,2
199.0,8
200.0,1
201.0,150
202.0,1
203.0,8
205.0,5
206.0,1
208.0,6
209.0,4
211.0,6
212.0,4
216.0,5
217.0,1
218.0,1
221.0,2
222.0,4
224.0,3
225.0,1
226.0,1
230.0,3
232.0,1
234.0,7
236.0,5
237.0,16
238.0,9
242.0,3
244.0,1
245.0,4
246.0,1
248.0,2
249.0,1
250.0,17
251.0,16
254.0,2
255.0,1
256.0,5
258.0,2
259.0,1
260.0,1
262.0,6
263.0,2
264.0,2
265.0,1
266.0,5
267.0,3
268.0,3
269.0,1
272.0,1
274.0,10
276.0,4
278.0,2
279.0,5
280.0,6
281.0,1
283.0,1
285.0,10
286.0,4
287.0,5
290.0,6
291.0,1
292.0,1
294.0,2
297.0,1
298.0,1
300.0,1
301.0,6
302.0,4
303.0,4
304.0,1
305.0,3
307.0,3
308.0,7
309.0,1
310.0,1
311.0,7
312.0,3
313.0,5
315.0,2
316.0,9
317.0,1
319.0,2
320.0,2
321.0,2
323.0,1
325.0,7
327.0,2
328.0,2
329.0,2
330.0,5
331.0,1
332.0,3
334.0,5
335.0,4
336.0,2
337.0,1
338.0,27
339.0,6
342.0,1
343.0,1
344.0,2
345.0,1
346.0,27
347.0,4
348.0,2
350.0,5
352.0,18
353.0,6
354.0,4
355.0,1
356.0,6
357.0,22
358.0,6
359.0,1
360.0,11
361.0,3
362.0,8
363.0,2
364.0,6
365.0,4
366.0,2
367.0,17
368.0,2
369.0,2
370.0,2
371.0,3
372.0,4
373.0,10
374.0,8
375.0,58
376.0,8
377.0,42
378.0,11
379.0,10
380.0,14
381.0,83
382.0,129
384.0,45
385.0,21
386.0,21
387.0,19
388.0,34
389.0,6
390.0,27
391.0,4
392.0,32
393.0,43
394.0,7
395.0,17
396.0,21
397.0,18
398.0,17
399.0,26
400.0,41
401.0,45
402.0,15
403.0,39
404.0,24
405.0,37
406.0,3
407.0,10
408.0,3
409.0,29
410.0,8
412.0,10
413.0,4
414.0,6
415.0,8
416.0,11
417.0,5
418.0,3
419.0,4
420.0,14
421.0,10
422.0,14
423.0,12
424.0,8
425.0,2
426.0,15
427.0,1
428.0,1
429.0,12
430.0,2
431.0,8
432.0,4
433.0,1
434.0,11
435.0,4
436.0,6
437.0,3
438.0,5
439.0,8
440.0,9
441.0,13
442.0,9
443.0,20
444.0,4
445.0,5
446.0,5
447.0,2
448.0,1
450.0,3
451.0,3
452.0,2
454.0,5
455.0,4
456.0,16
457.0,12
458.0,1
459.0,3
460.0,9
461.0,5
462.0,7
465.0,15
466.0,4
467.0,8
468.0,1
469.0,5
470.0,15
471.0,2
472.0,19
473.0,3
474.0,14
475.0,7
476.0,6
478.0,2
480.0,5
481.0,4
482.0,3
483.0,2
484.0,5
485.0,3
486.0,2
487.0,6
488.0,35
489.0,15
490.0,3
491.0,8
492.0,2
493.0,1
494.0,2
495.0,2
496.0,1
497.0,8
498.0,4
499.0,2
500.0,59
501.0,1
502.0,2
504.0,3
505.0,1
506.0,2
507.0,3
508.0,3
512.0,15
513.0,4
514.0,1
515.0,117
516.0,11
518.0,12
520.0,3
521.0,11
522.0,4
523.0,4
524.0,2
525.0,51
526.0,2
527.0,6
528.0,5
529.0,4
530.0,4
532.0,2
533.0,1
534.0,2
535.0,1
536.0,4
537.0,1
538.0,6
539.0,2
540.0,2
541.0,3
544.0,3
545.0,4
547.0,2
549.0,2
550.0,3
551.0,4
552.0,2
554.0,2
555.0,1
557.0,5
558.0,1
559.0,1
560.0,3
561.0,9
562.0,3
563.0,2
564.0,1
565.0,2
566.0,1
567.0,5
568.0,11
569.0,3
570.0,12
571.0,1
572.0,43
573.0,38
574.0,5
576.0,1
577.0,1
578.0,3
580.0,5
581.0,1
582.0,1
583.0,3
584.0,4
586.0,11
587.0,1
588.0,1
589.0,6
590.0,3
591.0,1
592.0,40
593.0,3
594.0,1
595.0,4
596.0,5
597.0,2
598.0,3
599.0,21
600.0,4
601.0,3
602.0,2
603.0,23
604.0,4
605.0,2
607.0,3
608.0,3
610.0,5
611.0,1
612.0,1
613.0,2
614.0,18
616.0,4
617.0,1
618.0,6
619.0,1
620.0,2
621.0,5
623.0,1
625.0,6
626.0,1
628.0,1
629.0,1
630.0,1
631.0,4
632.0,4
633.0,1
634.0,1
635.0,1
636.0,2
637.0,3
638.0,1
639.0,2
641.0,5
642.0,3
643.0,1
644.0,2
645.0,2
646.0,4
647.0,3
648.0,12
649.0,3
650.0,1
651.0,2
653.0,2
654.0,1
655.0,4
656.0,1
657.0,1
659.0,2
661.0,1
666.0,1
667.0,1
668.0,2
670.0,2
671.0,5
672.0,1
673.0,3
674.0,1
675.0,26
676.0,6
677.0,1
680.0,1
681.0,1
682.0,1
683.0,3
684.0,3
685.0,1
689.0,5
691.0,3
692.0,5
694.0,2
696.0,1
697.0,3
698.0,1
699.0,2
700.0,1
702.0,1
703.0,1
704.0,3
705.0,2
706.0,1
708.0,12
709.0,1
710.0,2
711.0,3
712.0,1
713.0,1
714.0,4
716.0,2
717.0,3
719.0,1
720.0,14
721.0,2
722.0,1
724.0,1
726.0,5
727.0,2
728.0,2
729.0,5
730.0,4
731.0,4
732.0,2
733.0,1
734.0,2
735.0,1
736.0,10
737.0,1
739.0,1
740.0,1
741.0,1
743.0,3
744.0,2
745.0,12
747.0,17
748.0,1
749.0,8
750.0,7
751.0,3
752.0,28
753.0,1
754.0,6
755.0,3
756.0,1
759.0,1
760.0,8
763.0,4
764.0,1
765.0,3
766.0,8
768.0,23
770.0,9
771.0,1
772.0,4
774.0,2
775.0,2
776.0,5
777.0,1
778.0,2
779.0,4
780.0,18
782.0,8
783.0,1
784.0,2
785.0,6
786.0,1
787.0,2
788.0,3
789.0,15
790.0,4
791.0,31
792.0,4
793.0,2
794.0,4
795.0,1
796.0,2
797.0,1
798.0,1
799.0,3
800.0,2
801.0,2
802.0,4
803.0,4
804.0,2
805.0,1
806.0,10
807.0,2
808.0,6
809.0,1
810.0,3
813.0,2
814.0,20
815.0,1
816.0,2
817.0,1
818.0,1
819.0,3
820.0,1
821.0,2
822.0,6
823.0,1
826.0,2
827.0,5
828.0,9
829.0,1
830.0,4
831.0,4
832.0,1
833.0,2
834.0,9
835.0,7
836.0,2
837.0,6
840.0,3
841.0,8
843.0,1
845.0,2
846.0,5
847.0,9
848.0,2
849.0,2
853.0,2
857.0,8
858.0,6
860.0,3
863.0,3
864.0,12
865.0,1
868.0,20
870.0,1
872.0,3
873.0,15
874.0,5
875.0,13
876.0,6
877.0,17
878.0,1
880.0,9
882.0,1
884.0,14
885.0,12
888.0,11
889.0,1
892.0,5
893.0,1
894.0,2
895.0,1
896.0,16
897.0,443
898.0,6
899.0,1
900.0,5
901.0,2
902.0,1
903.0,3
904.0,3
905.0,2
906.0,3
908.0,83
909.0,4
910.0,1
912.0,2
913.0,1
915.0,2
916.0,2
917.0,1
918.0,2
920.0,5
922.0,3
923.0,3
924.0,2
927.0,2
928.0,3
929.0,1
931.0,5
932.0,1
933.0,1
934.0,2
935.0,1
936.0,9
938.0,1
940.0,6
941.0,95
943.0,1
944.0,2
946.0,1
948.0,2
950.0,1
951.0,2
952.0,5
953.0,1
954.0,1
955.0,4
956.0,8
957.0,1
958.0,1
959.0,1
960.0,3
961.0,2
962.0,1
963.0,29
964.0,2
967.0,1
968.0,4
969.0,2
970.0,1
972.0,2
975.0,1
976.0,1
977.0,1
978.0,1
979.0,6
980.0,10
981.0,5
983.0,1
984.0,2
985.0,2
988.0,3
989.0,1
990.0,1
993.0,9
994.0,1
996.0,3
998.0,6
1000.0,6
1001.0,1
1003.0,2
1009.0,7
1010.0,4
1011.0,1
1012.0,1
1013.0,1
1014.0,2
1015.0,1
1016.0,2
1017.0,1
1018.0,9
1019.0,5
1020.0,15
1021.0,7
1022.0,7
1023.0,5
1024.0,9
1025.0,1
1028.0,12
1029.0,5
1032.0,4
1033.0,5
1034.0,5
1036.0,1
1037.0,10
1038.0,5
1039.0,7
1040.0,300
1041.0,6
1042.0,24
1043.0,5
1044.0,1
1045.0,1
1046.0,2
1047.0,32
1051.0,1
1052.0,1
1053.0,5
1054.0,4
1055.0,2
1056.0,1
1058.0,1
1059.0,1
1061.0,2
1062.0,1
1063.0,1
1064.0,1
1067.0,2
1069.0,1
1071.0,1
1072.0,1
1074.0,1
1075.0,10
1076.0,3
1078.0,1
1088.0,6
1089.0,7
1090.0,8
1091.0,2
1092.0,1
1094.0,2
1096.0,8
1098.0,7
1099.0,1
1100.0,1
1101.0,18
1103.0,17
1104.0,21
1105.0,39
1106.0,10
1107.0,9
1108.0,5
1109.0,1
1110.0,2
1111.0,1
1112.0,3
1115.0,3
1118.0,127
1119.0,1
1124.0,1
1125.0,4
1127.0,1
1130.0,7
1132.0,3
1137.0,3
1138.0,4
1142.0,1
1143.0,1
1145.0,2
1147.0,4
1148.0,5
1149.0,5
1152.0,1
1154.0,1
1159.0,1
1163.0,1
1165.0,5
1167.0,1
1169.0,1
1171.0,7
1172.0,2
1173.0,7
1174.0,1
1175.0,2
1176.0,2
1177.0,7
1188.0,2
1189.0,1
1190.0,2
1194.0,2
1196.0,3
1197.0,2
1199.0,1
1200.0,1
1202.0,25
1203.0,1
1204.0,1
1206.0,1
1208.0,2
1210.0,2
1212.0,17
1214.0,2
1215.0,1
1216.0,2
1217.0,3
1218.0,1
1219.0,3
1221.0,2
1225.0,11
1227.0,9
1229.0,5
1230.0,4
1233.0,1
1237.0,1
1242.0,100
1244.0,5
1245.0,13
1247.0,2
1248.0,2
1249.0,3
1250.0,3
1251.0,1
1255.0,4
1256.0,6
1257.0,7
1258.0,4
1259.0,1
1260.0,2
1262.0,1
1264.0,27
1266.0,69
1267.0,1
1269.0,1
1270.0,6
1272.0,8
1273.0,1
1279.0,2
1280.0,3
1281.0,1
1282.0,3
1283.0,3
1284.0,1
1287.0,3
1288.0,5
1289.0,2
1290.0,1
1293.0,2
1294.0,1
1295.0,3
1297.0,1
1298.0,10
1300.0,4
1302.0,1
1304.0,14
1305.0,3
1306.0,1
1307.0,1
1308.0,2
1310.0,1
1311.0,5
1312.0,1
1313.0,2
1316.0,1
1319.0,1
1320.0,1
1321.0,1
1322.0,30
1323.0,2
1324.0,4
1325.0,1
1326.0,1
1327.0,1
1328.0,1
1329.0,1
1331.0,2
1332.0,2
1333.0,1
1334.0,1
1335.0,2
1336.0,2
1337.0,1
1338.0,6
1339.0,6
1341.0,1
1344.0,3
1346.0,1
1348.0,2
1352.0,3
1353.0,2
1355.0,8
1356.0,7
1358.0,1
1359.0,1
1361.0,1
1366.0,1
1368.0,5
1370.0,8
1372.0,13
1373.0,3
1374.0,1
1375.0,2
1376.0,3
1378.0,1
1380.0,1
1382.0,1
1383.0,1
1384.0,7
1385.0,1
1387.0,9
1389.0,2
1391.0,10
1393.0,1
1394.0,1
1397.0,1
1401.0,1
1405.0,27
1411.0,9
1412.0,6
1413.0,1
1416.0,9
1417.0,10
1418.0,5
1420.0,4
1421.0,1
1422.0,1
1423.0,1
1427.0,1
1429.0,1
1431.0,1
1432.0,1
1433.0,7
1434.0,1
1435.0,1
1436.0,2
1439.0,5
1441.0,1
1444.0,1
1445.0,3
1446.0,4
1447.0,1
1448.0,7
1452.0,1
1454.0,1
1458.0,4
1461.0,1
1462.0,3
1463.0,1
1464.0,2
1466.0,1
1470.0,1
1477.0,4
1479.0,2
1482.0,1
1484.0,1
1485.0,2
1486.0,34
1488.0,2
1491.0,3
1492.0,9
1493.0,2
1494.0,1
1496.0,4
1497.0,1
1502.0,2
1505.0,2
1506.0,1
1508.0,5
1509.0,2
1510.0,1
1514.0,1
1518.0,1
1520.0,1
1527.0,3
1528.0,5
1532.0,1
1533.0,1
1534.0,1
1536.0,9
1537.0,24
1538.0,14
1539.0,3
1540.0,1
1541.0,1
1542.0,5
1543.0,5
1544.0,1
1545.0,2
1546.0,6
1548.0,22
1550.0,4
1551.0,3
1552.0,1
1554.0,1
1559.0,1
1565.0,2
1567.0,1
1568.0,1
1569.0,2
1571.0,2
1572.0,1
1573.0,1
1574.0,6
1578.0,1
1580.0,1
1581.0,1
1582.0,1
1583.0,337
1584.0,4
1585.0,1
1587.0,1
1590.0,1
1591.0,1
1592.0,4
1598.0,1
1599.0,1
1600.0,10
1601.0,1
1604.0,3
1606.0,1
1607.0,1
1608.0,1
1609.0,3
1611.0,1
1612.0,1
1613.0,1
1623.0,2
1624.0,1
1625.0,1
1626.0,1
1628.0,1
1629.0,1
1630.0,4
1633.0,23
1635.0,3
1636.0,1
1637.0,1
1638.0,2
1640.0,2
1644.0,85
1648.0,1
1649.0,2
1655.0,1
1659.0,1
1660.0,4
1665.0,7
1668.0,3
1672.0,1
1673.0,1
1674.0,1
1677.0,2
1678.0,2
1679.0,3
1682.0,1
1683.0,1
1684.0,1
1686.0,17
1689.0,7
1690.0,23
1691.0,7
1692.0,7
1693.0,5
1694.0,4
1695.0,2
1696.0,3
1698.0,1
1701.0,2
1706.0,30
1710.0,4
1714.0,1
1716.0,1
1718.0,10
1719.0,1
1721.0,1
1722.0,3
1724.0,2
1727.0,29
1728.0,1
1729.0,3
1730.0,7
1731.0,4
1732.0,2
1733.0,5
1734.0,24
1737.0,11
1741.0,1
1743.0,5
1744.0,1
1748.0,28
1750.0,6
1751.0,1
1753.0,40
1754.0,1
1755.0,1
1756.0,1
1757.0,40
1760.0,1
1762.0,4
1764.0,1
1766.0,1
1767.0,2
1769.0,1
1770.0,1
1771.0,2
1775.0,1
1778.0,12
1779.0,1
1786.0,1
1787.0,1
1790.0,7
1791.0,5
1792.0,6
1794.0,1
1796.0,1
1797.0,1
1798.0,56
1800.0,1
1801.0,2
1803.0,1
1804.0,2
1805.0,3
1806.0,1
1810.0,1
1812.0,1
1815.0,3
1821.0,1
1823.0,1
1824.0,16
1826.0,1
1827.0,1
1828.0,1
1830.0,1
1832.0,2
1834.0,1
1837.0,1
1839.0,10
1844.0,52
1846.0,3
1857.0,1
1859.0,1
1861.0,2
1862.0,1
1863.0,1
1865.0,1
1866.0,2
1874.0,1
1880.0,1
1881.0,2
1882.0,1
1883.0,2
1886.0,25
1887.0,1
1894.0,1
1896.0,70
1906.0,1
1913.0,2
1914.0,2
1915.0,7
1916.0,1
1917.0,1
1918.0,1
1920.0,1
1923.0,2
1924.0,1
1925.0,2
1928.0,4
1929.0,33
1935.0,3
1937.0,3
1942.0,3
1943.0,1
1944.0,2
1945.0,1
1946.0,2
1949.0,1
1955.0,1
1956.0,1
1958.0,2
1962.0,1
1964.0,1
1966.0,3
1967.0,2
1969.0,1
1977.0,1
1979.0,3
1983.0,1
1984.0,2
1987.0,2
1989.0,3
1991.0,2
1993.0,1
1995.0,1
1996.0,1
1998.0,1
1999.0,1
2000.0,5
2001.0,6
2002.0,1
2003.0,5
2006.0,1
2008.0,1
2009.0,1
2010.0,1
2012.0,1
2014.0,3
2016.0,5
2024.0,7
2028.0,2
2031.0,1
2032.0,2
2033.0,13
2034.0,1
2037.0,4
2038.0,16
2039.0,1
2044.0,1
2048.0,16
2055.0,4
2060.0,1
2062.0,1
2063.0,2
2064.0,4
2067.0,1
2069.0,2
2074.0,3
2076.0,1
2077.0,1
2080.0,1
2081.0,4
2084.0,1
2102.0,1
2103.0,1
2105.0,2
2106.0,1
2108.0,38
2110.0,1
2113.0,1
2114.0,3
2116.0,1
2117.0,1
2118.0,1
2120.0,2
2121.0,5
2125.0,1
2127.0,2
2129.0,1
2131.0,2
2132.0,2
2135.0,3
2138.0,286
2141.0,3
2142.0,816
2145.0,3
2146.0,2
2152.0,2
2153.0,1
2156.0,3
2157.0,1
2159.0,1
2162.0,1
2166.0,1
2173.0,25
2174.0,27
2175.0,31
2180.0,22
2182.0,4
2185.0,1
2186.0,3
2192.0,3
2195.0,94
2197.0,1
2198.0,2
2200.0,3
2202.0,1
2210.0,2
2216.0,2
2220.0,2
2221.0,1
2222.0,2
2224.0,1
2225.0,1
2228.0,32
2235.0,67
2237.0,2
2243.0,2
2246.0,1
2249.0,1
2253.0,1
2256.0,1
2264.0,1
2266.0,10
2267.0,12
2274.0,1
2276.0,2
2280.0,5
2281.0,1
2284.0,1
2287.0,1
2289.0,1
2293.0,3
2295.0,1
2296.0,18
2300.0,3
2301.0,1
2304.0,17
2307.0,1
2310.0,2
2311.0,2
2315.0,2
2316.0,1
2321.0,2
2322.0,3
2324.0,1
2327.0,8
2328.0,1
2329.0,13
2330.0,11
2331.0,3
2337.0,1
2338.0,2
2339.0,2
2341.0,1
2344.0,1
2345.0,1
2346.0,2
2350.0,2
2355.0,3
2356.0,1
2357.0,1384
2358.0,1
2359.0,1
2361.0,1
2366.0,2
2369.0,1
2372.0,2
2374.0,1
2375.0,2
2376.0,5
2383.0,1
2385.0,1
2387.0,8
2388.0,4
2390.0,2
2400.0,1
2407.0,1
2410.0,3
2412.0,2
2416.0,4
2417.0,1
2421.0,2
2428.0,1
2429.0,1
2430.0,1
2431.0,1
2432.0,7
2439.0,1
2442.0,1
2446.0,6
2449.0,2
2456.0,1
2463.0,1
2477.0,2
2478.0,64
2481.0,1
2484.0,7
2485.0,1
2492.0,1
2497.0,4
2501.0,11
2505.0,2
2506.0,1
2508.0,5
2510.0,1
2512.0,1
2517.0,1
2519.0,8
2520.0,2
2521.0,1
2527.0,1
2528.0,1
2536.0,1
2540.0,1
2543.0,1
2544.0,1
2550.0,1
2554.0,2
2556.0,1
2557.0,1
2559.0,2
2560.0,3
2561.0,2
2564.0,4
2567.0,1
2569.0,1
2571.0,31
2575.0,2
2576.0,2
2577.0,1
2578.0,1
2584.0,3
2586.0,2
2587.0,1
2588.0,2
2590.0,1
2596.0,1
2607.0,1
2609.0,18
2610.0,2
2611.0,10
2615.0,4
2616.0,2
2617.0,3
2620.0,1
2625.0,1
2626.0,3
2628.0,2
2629.0,1
2632.0,2
2634.0,72
2636.0,2
2637.0,4
2642.0,1
2645.0,2
2646.0,1
2647.0,1
2651.0,24
2654.0,2
2655.0,1
2657.0,3
2659.0,6
2664.0,1
2666.0,1
2669.0,1
2674.0,4
2676.0,3
2677.0,2
2679.0,1
2683.0,11
2685.0,1
2686.0,1
2687.0,1
2690.0,1
2694.0,1
2699.0,1
2702.0,5
2703.0,1
2704.0,1
2709.0,1
2711.0,1
2717.0,2
2720.0,2
2721.0,10
2722.0,3
2723.0,1
2725.0,1
2727.0,1
2728.0,1
2729.0,1
2732.0,11
2735.0,8
2736.0,10
2737.0,3
2738.0,1
2739.0,3
2740.0,15
2742.0,7
2743.0,44
2744.0,1
2745.0,3
2749.0,1
2751.0,1
2753.0,1
2756.0,1
2758.0,3
2761.0,2
2762.0,1
2763.0,1
2766.0,1
2767.0,2
2768.0,3
2769.0,6
2775.0,2
2779.0,2
2781.0,1
2793.0,9
2794.0,1
2797.0,1
2798.0,2
2801.0,1
2803.0,2
2813.0,1
2814.0,1
2816.0,7
2822.0,1
2823.0,1
2824.0,1
2828.0,3
2831.0,1
2836.0,1
2839.0,1
2840.0,1
2841.0,12
2844.0,1
2848.0,1
2851.0,1
2857.0,4
2859.0,1
2860.0,2
2861.0,1
2867.0,6
2870.0,2
2872.0,886
2873.0,60
2874.0,2
2875.0,3
2877.0,1
2878.0,170
2882.0,1
2884.0,1
2885.0,42
2888.0,1
2889.0,2
2892.0,1
2896.0,1
2901.0,1
2903.0,3
2904.0,1
2912.0,2
2913.0,2
2917.0,3
2932.0,1
2950.0,1
2954.0,1
2957.0,1
2958.0,2
2962.0,2
2970.0,3
2980.0,68
2982.0,2
2984.0,1
2986.0,1
2988.0,3
2995.0,1
2996.0,1
3001.0,1
3005.0,10
3008.0,3
3012.0,1
3013.0,1
3017.0,2
3026.0,1
3027.0,1
3028.0,1
3029.0,1
3035.0,1
3037.0,1
3039.0,3
3043.0,1
3049.0,1
3052.0,1
3055.0,1
3057.0,2
3061.0,1
3064.0,4
3065.0,1
3075.0,1
3078.0,1
3085.0,1
3086.0,3
3088.0,4
3097.0,1
3107.0,1
3110.0,1
3113.0,1
3119.0,2
3120.0,3
3122.0,2
3123.0,1
3124.0,1
3133.0,1
3136.0,1
3138.0,1
3142.0,1
3143.0,1
3145.0,1
3148.0,2
3151.0,2
3153.0,1
3156.0,20
3157.0,2
3160.0,1
3162.0,1
3164.0,1
3166.0,1
3168.0,1
3172.0,2
3174.0,1
3180.0,1
3185.0,2
3186.0,1
3196.0,1
3199.0,2
3200.0,2
3201.0,3
3202.0,4
3205.0,1
3206.0,1
3207.0,2
3210.0,4
3217.0,2
3228.0,1
3233.0,1
3234.0,4
3238.0,4
3252.0,1
3257.0,1
3258.0,1
3268.0,1
3276.0,2
3278.0,3
3279.0,1
3280.0,2
3281.0,1
3282.0,1
3292.0,1
3293.0,2
3299.0,1
3307.0,4
3309.0,2
3328.0,6
3329.0,8
3332.0,20
3335.0,9
3337.0,1
3339.0,1
3344.0,2
3347.0,1
3356.0,1
3357.0,1
3360.0,1
3366.0,1
3368.0,1
3369.0,1
3370.0,1
3376.0,1
3378.0,2
3380.0,1
3381.0,2
3390.0,1
3396.0,1
3402.0,4
3415.0,1
3428.0,1
3433.0,10
3434.0,2
3438.0,2
3439.0,1
3444.0,1
3451.0,2
3456.0,3
3462.0,2
3465.0,1
3467.0,21
3468.0,1
3470.0,1
3477.0,2
3481.0,1
3485.0,1
3487.0,1
3497.0,2
3500.0,11
3501.0,1
3506.0,2
3507.0,2
3508.0,1
3522.0,1
3523.0,1
3528.0,1
3534.0,1
3538.0,1
3540.0,1
3542.0,2
3548.0,1
3563.0,1
3565.0,2
3572.0,15
3575.0,1
3578.0,1
3583.0,4
3584.0,2
3585.0,2
3587.0,1
3591.0,1
3593.0,3
3595.0,3
3602.0,1
3603.0,1
3606.0,2
3608.0,1
3609.0,1
3610.0,1
3611.0,1
3612.0,1
3620.0,7
3629.0,1
3636.0,1
3639.0,1
3640.0,4
3645.0,1
3652.0,1
3654.0,3
3662.0,15
3664.0,1
3673.0,1
3674.0,3
3678.0,48
3679.0,1
3693.0,1
3699.0,1315
3710.0,1
3712.0,1
3716.0,4
3729.0,1
3731.0,22
3732.0,262
3736.0,4
3738.0,1
3740.0,3
3741.0,1
3742.0,3
3743.0,1
3744.0,1
3765.0,1
3769.0,1
3790.0,4
3791.0,1
3822.0,2
3823.0,1
3830.0,10
3831.0,6
3849.0,1
3879.0,1
3881.0,1
3894.0,2
3898.0,1
3909.0,1
3932.0,1
3939.0,1
3950.0,1
3959.0,1
3973.0,1
3976.0,1
3977.0,1
3985.0,1
3988.0,1
4007.0,3
4018.0,1
4023.0,1
4030.0,1
4035.0,1
4038.0,1
4052.0,2
4053.0,1
4054.0,1
4061.0,1
4062.0,1
4070.0,1
4076.0,84
4080.0,1
4082.0,1
4086.0,2
4096.0,2
4097.0,1
4099.0,1
4110.0,1
4113.0,2
4137.0,4
4138.0,1
4142.0,4
4143.0,1
4145.0,1
4155.0,3
4157.0,2
4158.0,1
4160.0,4
4166.0,1
4175.0,5
4176.0,6
4177.0,1
4179.0,1
4192.0,1
4193.0,1
4196.0,2
4223.0,1
4225.0,1
4232.0,1
4233.0,1
4239.0,1
4251.0,1
4258.0,1
4260.0,2
4266.0,1
4273.0,1
4278.0,1
4286.0,2
4299.0,1
4302.0,1
4309.0,1
4330.0,1
4337.0,1
4347.0,1
4353.0,1
4360.0,1
4361.0,1
4367.0,3
4386.0,1
4387.0,1
4390.0,1
4403.0,1
4411.0,1
4422.0,10
4435.0,4
4449.0,2
4464.0,1
4465.0,1
4469.0,1
4470.0,4
4471.0,1
4473.0,1
4490.0,1
4492.0,1
4494.0,2
4498.0,1
4499.0,2
4500.0,4
4501.0,1
4502.0,1
4503.0,1
4509.0,1
4517.0,1
4520.0,1
4527.0,1
4530.0,1
4537.0,1
4539.0,1
4574.0,1
4592.0,1
4608.0,3
4615.0,1
4620.0,1
4629.0,1
4632.0,1
4637.0,1
4643.0,1
4646.0,1
4673.0,1
4678.0,1
4679.0,1
4691.0,1
4702.0,1
4705.0,1
4711.0,1
4717.0,1
4723.0,1
4726.0,1
4736.0,1
4762.0,2
4776.0,1
4784.0,1
4785.0,2
4786.0,2
4809.0,2
4830.0,18
4836.0,1
4848.0,2
4860.0,1
4861.0,1
4872.0,1
4873.0,1
4896.0,1
4906.0,1
4910.0,1
4928.0,1
4940.0,11
4950.0,1
4954.0,1
4958.0,1
4960.0,1
4963.0,1
4967.0,1
4968.0,1
4978.0,1
5003.0,1
5017.0,8
5018.0,1
5024.0,1
5057.0,1
5066.0,1
5074.0,1
5076.0,1
5078.0,3
5088.0,1
5097.0,6
5112.0,1
5115.0,1
5122.0,1
5135.0,1
5140.0,2
5154.0,1
5158.0,1
5183.0,1
5196.0,2
5200.0,1
5204.0,2
5227.0,1
5229.0,1
5235.0,1
5259.0,1
5267.0,1
5268.0,1
5289.0,1
5295.0,1
5296.0,1
5300.0,1
5305.0,1
5328.0,1
5337.0,1
5344.0,4
5376.0,195
5396.0,1
5401.0,1
5408.0,1
5414.0,1
5428.0,2
5430.0,1
5433.0,3
5439.0,1
5441.0,1
5444.0,1
5445.0,1
5446.0,1
5447.0,1
5451.0,1
5453.0,1
5454.0,1
5467.0,1
5504.0,1
5542.0,1
5544.0,1
5556.0,3
5579.0,2
5583.0,1
5613.0,1
5622.0,1
5632.0,1
5640.0,35
5674.0,1
5694.0,3
5711.0,1
5720.0,1
5732.0,1
5734.0,1
5747.0,3
5761.0,1
5771.0,1
5774.0,1
5776.0,1
5778.0,2
5785.0,1
5790.0,1
5806.0,1
5816.0,1
5818.0,1
5822.0,1
5825.0,1
5828.0,1
5829.0,1
5832.0,1
5836.0,5
5838.0,1
5840.0,1
5841.0,3
5843.0,1
5844.0,1
5857.0,3
5860.0,1
5869.0,1
5870.0,2
5875.0,1
5879.0,1
5886.0,12
5888.0,9
5912.0,1
5918.0,1
5921.0,1
5984.0,2
6006.0,1
6018.0,2
6024.0,1
6026.0,1
6027.0,5
6033.0,1
6037.0,1
6048.0,1
6087.0,2
6108.0,1
6127.0,2
6140.0,2
6145.0,1
6172.0,1
6186.0,1
6196.0,1
6215.0,1
6225.0,2
6247.0,1
6259.0,1
6262.0,1
6306.0,1
6307.0,1
6308.0,1
6316.0,1
6341.0,1
6351.0,1
6359.0,1
6368.0,1
6378.0,1
6382.0,1
6395.0,1
6400.0,1
6407.0,2
6420.0,1
6425.0,1
6430.0,4
6456.0,2
6465.0,1
6483.0,1
6485.0,1
6496.0,1
6522.0,1
6529.0,1
6538.0,1
6557.0,2
6567.0,1
6585.0,3
6593.0,2
6601.0,3
6657.0,1
6664.0,2
6675.0,1
6692.0,1
6709.0,1
6721.0,1
6730.0,9
6737.0,1
6757.0,5
6760.0,1
6766.0,9
6770.0,1
6776.0,11
6784.0,1
6787.0,1
6805.0,1
6811.0,12
6819.0,1
6843.0,4
6853.0,2
6857.0,5
6861.0,1
6863.0,1
6880.0,1
6883.0,1
6884.0,1
6888.0,1
6897.0,1
6917.0,5
6944.0,1
6953.0,1
6965.0,1
6971.0,1
6997.0,6
7006.0,1
7015.0,1
7016.0,1
7018.0,1
7035.0,1
7038.0,1
7040.0,1
7043.0,11
7049.0,1
7062.0,3
7073.0,2
7091.0,1
7096.0,1
7098.0,1
7125.0,1
7137.0,1
7140.0,1
7141.0,1
7159.0,1
7168.0,1
7177.0,1
7207.0,1
7218.0,1
7220.0,3
7246.0,1
7269.0,4
7271.0,2
7280.0,1
7284.0,8
7321.0,1
7324.0,1
7340.0,1
7349.0,1
7373.0,1
7382.0,2
7401.0,2
7412.0,1
7426.0,1
7444.0,1
7450.0,1
7452.0,1
7486.0,1
7490.0,1
7499.0,1
7519.0,1
7524.0,1
7532.0,1
7554.0,1
7571.0,1
7576.0,1
7584.0,4
7591.0,1
7615.0,1
7621.0,4
7630.0,1
7641.0,1
7660.0,1
7670.0,5
7680.0,2
7695.0,1
7709.0,1
7716.0,1
7722.0,4
7743.0,2
7753.0,4
7756.0,3
7768.0,1
7780.0,1
7809.0,1
7816.0,12
7821.0,1
7827.0,4
7840.0,2
7843.0,1
7845.0,1
7851.0,1
7871.0,1
7876.0,1
7889.0,15
7891.0,2
7910.0,3
7911.0,1
7936.0,12
7944.0,1
7955.0,1
7990.0,1
7992.0,2
8043.0,1
8044.0,1
8058.0,1
8059.0,1
8062.0,1
8063.0,1
8093.0,1
8100.0,1
8121.0,1
8124.0,1
8133.0,2
8146.0,1
8147.0,1
8149.0,1
8163.0,2
8178.0,1
8181.0,1
8192.0,13
8193.0,1
8213.0,3
8228.0,1
8237.0,1
8278.0,1
8282.0,1
8332.0,1
8340.0,1
8341.0,1
8354.0,1
8366.0,1
8371.0,1
8415.0,1
8448.0,2
8449.0,1
8473.0,1
8474.0,1
8477.0,1
8478.0,2
8479.0,2
8503.0,1
8513.0,1
8517.0,3
8539.0,1
8587.0,2
8610.0,1
8635.0,1
8644.0,1
8678.0,1
8704.0,1
8731.0,1
8740.0,1
8769.0,1
8776.0,1
8780.0,1
8784.0,4
8785.0,1
8795.0,1
8798.0,1
8801.0,1
8812.0,1
8817.0,1
8832.0,1
8853.0,1
8871.0,1
8875.0,2
8903.0,1
8908.0,1
8926.0,1
8935.0,1
8960.0,1
8973.0,90
9014.0,1
9050.0,1
9092.0,1
9117.0,1
9122.0,1
9124.0,1
9139.0,1
9146.0,1
9195.0,1
9222.0,1
9229.0,1
9280.0,2
9311.0,1
9317.0,1
9319.0,1
9321.0,1
9327.0,2
9357.0,13
9373.0,1
9386.0,1
9389.0,1
9399.0,1
9410.0,1
9443.0,1
9450.0,25
9452.0,1
9455.0,1
9462.0,1
9464.0,1
9468.0,3
9506.0,1
9517.0,1
9519.0,1
9528.0,3
9560.0,1
9573.0,1
9587.0,4
9590.0,2
9593.0,1
9606.0,4
9609.0,2
9642.0,1
9643.0,1
9646.0,1
9649.0,1
9650.0,1
9667.0,1
9684.0,2
9756.0,1
9793.0,1
9818.0,2
9840.0,1
9883.0,1
9884.0,1
9888.0,1
9897.0,2
9915.0,1
9922.0,1
9932.0,1
9937.0,1
9943.0,1
9954.0,1
9965.0,2
9966.0,1
9967.0,1
9992.0,2
9994.0,1
10001.0,1
10021.0,2
10023.0,1
10066.0,1
10111.0,1
10120.0,1
10130.0,1
10137.0,1
10150.0,2
10155.0,1
10168.0,1
10173.0,1
10196.0,1
10204.0,2
10217.0,1
10220.0,1
10235.0,1
10246.0,1
10255.0,1
10301.0,1
10305.0,1
10314.0,1
10320.0,1
10347.0,1
10382.0,1
10400.0,1
10411.0,2
10413.0,1
10462.0,1
10469.0,1
10488.0,1
10501.0,1
10518.0,1
10531.0,2
10533.0,4
10553.0,1
10578.0,2
10580.0,1
10586.0,1
10590.0,1
10604.0,1
10610.0,4
10693.0,1
10719.0,1
10732.0,1
10758.0,1
10760.0,1
10767.0,1
10780.0,1
10783.0,1
10847.0,1
10957.0,1
10967.0,1
11013.0,1
11026.0,1
11054.0,1
11074.0,1
11107.0,1
11144.0,1
11221.0,1
11265.0,1
11271.0,1
11278.0,1
11301.0,1
11312.0,4
11316.0,1
11326.0,1
11351.0,1
11374.0,1
11376.0,1
11377.0,1
11412.0,1
11451.0,1
11461.0,1
11521.0,1
11546.0,1
11558.0,1
11565.0,1
11615.0,1
11620.0,1
11622.0,1
11641.0,1
11660.0,1
11677.0,1
11713.0,2
11725.0,3
11733.0,1
11735.0,1
11740.0,8
11749.0,1
11756.0,1
11764.0,1
11770.0,1
11776.0,1
11779.0,2
11791.0,2
11811.0,1
11865.0,1
11939.0,1
11972.0,1
11973.0,1
11984.0,1
12081.0,1
12090.0,1
12122.0,1
12167.0,1
12173.0,3
12178.0,17
12180.0,1
12185.0,5
12198.0,1
12242.0,1
12288.0,3
12305.0,1
12316.0,1
12351.0,1
12376.0,1
12377.0,1
12398.0,1
12402.0,1
12417.0,1
12425.0,1
12439.0,1
12457.0,1
12483.0,1
12484.0,1
12494.0,2
12506.0,1
12550.0,1
12597.0,1
12612.0,2
12627.0,1
12640.0,1
12657.0,1
12659.0,2
12723.0,1
12740.0,2
12780.0,1
12795.0,1
12800.0,3
12843.0,1
12856.0,1
12867.0,1
12874.0,1
12885.0,1
12890.0,1
12949.0,1
12994.0,1
13007.0,1
13030.0,1
13040.0,1
13047.0,1
13069.0,1
13072.0,2
13110.0,1
13127.0,1
13151.0,1
13152.0,1
13177.0,1
13215.0,1
13277.0,1
13311.0,2
13317.0,1
13318.0,4
13320.0,1
13382.0,1
13401.0,1
13402.0,1
13420.0,7
13435.0,1
13444.0,1
13459.0,8
13479.0,1
13498.0,1
13518.0,1
13531.0,1
13533.0,1
13546.0,1
13554.0,1
13574.0,1
13585.0,1
13588.0,1
13591.0,1
13615.0,1
13622.0,1
13678.0,1
13695.0,1
13727.0,1
13729.0,1
13731.0,1
13733.0,1
13736.0,1
13778.0,1
13814.0,1
13847.0,1
13893.0,1
13994.0,1
13996.0,1
14027.0,1
14080.0,1
14086.0,1
14113.0,1
14149.0,1
14194.0,1
14204.0,3
14235.0,2
14270.0,1
14271.0,1
14272.0,1
14276.0,1
14288.0,1
14289.0,1
14307.0,1
14318.0,1
14319.0,1
14320.0,2
14325.0,1
14326.0,1
14328.0,1
14329.0,1
14347.0,1
14348.0,1
14386.0,1
14393.0,3
14434.0,1
14449.0,2
14481.0,4
14486.0,1
14546.0,1
14560.0,1
14590.0,1
14610.0,1
14710.0,1
14712.0,3
14720.0,3
14723.0,1
14731.0,1
14743.0,1
14771.0,1
14789.0,1
14827.0,1
14828.0,1
14832.0,1
14839.0,1
14845.0,1
14918.0,1
14922.0,1
14923.0,1
14929.0,1
14948.0,1
14953.0,18
14958.0,1
14962.0,1
15022.0,1
15026.0,1
15031.0,1
15053.0,1
15078.0,1
15104.0,1
15177.0,1
15194.0,1
15206.0,1
15255.0,1
15328.0,1
15338.0,2
15341.0,1
15380.0,1
15398.0,1
15414.0,1
15416.0,1
15425.0,2
15435.0,1
15488.0,2
15491.0,1
15540.0,2
15563.0,1
15576.0,1
15589.0,1
15600.0,1
15622.0,1
15623.0,1
15625.0,1
15658.0,1
15665.0,1
15670.0,1
15677.0,1
15785.0,1
15791.0,1
15807.0,1
15827.0,1
15875.0,2
15893.0,1
15931.0,1
15940.0,1
15999.0,1
16023.0,1
16072.0,1
16232.0,1
16249.0,1
16277.0,1
16289.0,1
16291.0,1
16316.0,1
16318.0,1
16396.0,1
16440.0,8
16441.0,1
16482.0,1
16522.0,2
16530.0,1
16532.0,1
16543.0,1
16556.0,1
16572.0,1
16609.0,1
16632.0,1
16634.0,1
16650.0,1
16652.0,1
16662.0,1
16713.0,4
16755.0,1
16780.0,1
16800.0,1
16817.0,109
16818.0,1
16840.0,4
16986.0,1
16999.0,4
17004.0,1
17037.0,1
17065.0,1
17088.0,1
17143.0,3
17200.0,1
17208.0,1
17239.0,1
17243.0,1
17302.0,1
17318.0,1
17364.0,1
17377.0,1
17408.0,2
17484.0,1
17491.0,1
17496.0,2
17512.0,1
17514.0,1
17553.0,1
17610.0,1
17614.0,1
17648.0,1
17762.0,1
17771.0,1
17795.0,2
17797.0,2
17798.0,3
17799.0,2
17804.0,1
17805.0,1
17814.0,1
17815.0,1
17846.0,1
17884.0,1
17902.0,1
17935.0,2
17939.0,1
17975.0,1
18087.0,1
18097.0,1
18161.0,1
18195.0,1
18234.0,1
18239.0,2
18288.0,1
18368.0,1
18386.0,1
18387.0,1
18467.0,1
18510.0,1
18513.0,1
18579.0,2
18587.0,1
18608.0,2
18615.0,1
18619.0,1
18621.0,1
18622.0,1
18623.0,3
18626.0,1
18630.0,1
18631.0,1
18632.0,1
18643.0,1
18648.0,1
18728.0,1
18730.0,3
18753.0,1
18862.0,1
18866.0,1
18869.0,1
19038.0,1
19061.0,1
19102.0,2
19191.0,1
19193.0,1
19200.0,1
19221.0,2
19225.0,1
19248.0,1
19285.0,1
19356.0,1
19378.0,1
19416.0,1
19427.0,1
19441.0,1
19471.0,1
19482.0,1
19517.0,10
19520.0,87
19542.0,1
19663.0,1
19678.0,1
19682.0,1
19692.0,1
19722.0,1
19725.0,1
19756.0,1
19766.0,1
19796.0,1
19826.0,1
19840.0,1
19843.0,2
19847.0,1
19849.0,3
19850.0,1
19865.0,1
19898.0,1
19904.0,1
19937.0,1
20017.0,1
20026.0,1
20058.0,121
20078.0,1
20153.0,2
20161.0,1
20276.0,2
20400.0,1
20436.0,1
20487.0,1
20505.0,1
20519.0,1
20661.0,1
20747.0,1
20783.0,1
20960.0,1
21077.0,1
21094.0,1
21134.0,1
21140.0,1
21195.0,1
21273.0,1
21315.0,1
21340.0,1
21520.0,1
21699.0,1
21813.0,1
21841.0,1
21845.0,1
21910.0,1
21975.0,1
21981.0,1
21989.0,1
22026.0,1
22030.0,1
22087.0,1
22100.0,1
22130.0,1
22154.0,1
22173.0,1
22251.0,1
22266.0,1
22284.0,1
22440.0,1
22680.0,1
22709.0,1
22710.0,1
22713.0,1
22716.0,1
22718.0,1
22732.0,2
22735.0,2
22742.0,1
22746.0,1
22753.0,1
22756.0,1
22757.0,1
22758.0,1
22765.0,1
22802.0,1
22821.0,1
22828.0,45
22897.0,1
22936.0,1
23031.0,1
23274.0,1
23295.0,1
23350.0,1
23405.0,1
23523.0,1
23633.0,1
23789.0,1
23811.0,1
23884.0,2
23948.0,1
24054.0,1
24087.0,1
24219.0,1
24267.0,1
24270.0,1
24317.0,1
24461.0,1
24484.0,1
24533.0,1
24576.0,1
24613.0,1
24619.0,1
24633.0,1
24653.0,1
24672.0,1
24678.0,2
24783.0,1
24842.0,1
25003.0,1
25028.0,1
25039.0,1
25089.0,1
25098.0,1
25120.0,1
25194.0,2
25259.0,1
25355.0,1
25370.0,1
25438.0,24
25465.0,1
25897.0,3
25977.0,1
26061.0,1
26097.0,1
26160.0,1
26382.0,1
26507.0,1
26524.0,1
26615.0,2
26954.0,1
26971.0,1
27031.0,1
27256.0,1
27358.0,1
27368.0,1
27452.0,1
27616.0,1
27672.0,1
27820.0,2
27821.0,1
27958.0,1
28076.0,1
28128.0,1
28245.0,1
28323.0,1
28356.0,1
28618.0,1
28739.0,1
28751.0,1
29051.0,1
29076.0,1
29219.0,1
29276.0,1
29286.0,1
29358.0,1
29433.0,1
29499.0,1
29504.0,1
29514.0,1
29527.0,1
29578.0,1
29668.0,1
29747.0,1
29789.0,1
29813.0,1
30002.0,1
30081.0,1
30152.0,1
30194.0,1
30295.0,1
30314.0,1
30357.0,1
30369.0,1
30448.0,1
30459.0,1
30509.0,1
30526.0,1
30596.0,1
30605.0,1
30623.0,1
30627.0,1
30693.0,1
30967.0,1
31031.0,1
31063.0,1
31135.0,1
31222.0,1
31233.0,1
31243.0,1
31277.0,2
31302.0,1
31403.0,1
31421.0,1
31632.0,1
31730.0,1
31979.0,1
31988.0,1
32049.0,1
32218.0,1
32282.0,1
32366.0,1
32768.0,1
32852.0,23
32944.0,1
33129.0,1
33226.0,1
33280.0,1
33401.0,2
33424.0,1
33447.0,1
33542.0,1
33765.0,1
33822.0,1
33825.0,1
33891.0,7
33938.0,1
34044.0,2
34345.0,40
34481.0,1
34662.0,2
34908.0,1
34996.0,1
35320.0,1
35568.0,1
35574.0,1
35701.0,1
36115.0,1
36139.0,1
36222.0,1
36311.0,2
36312.0,1
36385.0,1
36434.0,1
36644.0,1
36824.0,1
37069.0,1
37289.0,2
37510.0,2
37533.0,1
38422.0,1
38591.0,1
38606.0,1
38748.0,1
38807.0,1
38911.0,1
38984.0,1
39036.0,2
39347.0,1
39429.0,1
39525.0,2
39606.0,1
39815.0,1
39826.0,1
39936.0,1
40035.0,1
40130.0,1
40182.0,1
40190.0,2
40290.0,4
40563.0,1
40670.0,3
40678.0,1
40733.0,1
40770.0,1
40960.0,1
41082.0,1
41210.0,1
41211.0,1
41212.0,1
41254.0,1
41400.0,1
41594.0,1
41933.0,1
41984.0,4
42100.0,1
42255.0,1
42475.0,1
42537.0,2
42709.0,1
42954.0,1
43471.0,1
43514.0,1
43534.0,1
43535.0,2
43612.0,1
44009.0,1
44063.0,5
44195.0,1
44298.0,1
44315.0,1
44862.0,1
45195.0,1
46128.0,1
46317.0,1
46331.0,2
46333.0,1
46334.0,1
46335.0,2
46336.0,3
46338.0,2
46348.0,1
46352.0,4
46353.0,1
46355.0,1
46384.0,1
46459.0,1
46913.0,2
48011.0,1
48102.0,1
48212.0,1
48278.0,1
48316.0,1
48412.0,1
48695.0,7
48704.0,2
48715.0,1
49225.0,1
49564.0,1
49654.0,1
49694.0,1
49816.0,1
49920.0,2
49978.0,1
50035.0,1
50176.0,1
50409.0,1
50432.0,1
50482.0,1
50834.0,1
51093.0,1
51264.0,1
51471.0,1
51533.0,1
51830.0,3
52003.0,1
52801.0,6
53229.0,1
53240.0,1
53652.0,1
53934.0,1
54776.0,1
56195.0,2
56644.0,1
57862.0,1
57905.0,1
58776.0,1
58823.0,1
59307.0,13
59930.0,1
59938.0,1
60834.0,1
61069.0,1
61169.0,1
61308.0,1
61728.0,1
61972.0,1
62231.0,1
64074.0,1
64088.0,1
64675.0,1
65280.0,1
65597.0,1
65792.0,1
66298.0,1
66985.0,1
66998.0,1
67468.0,1
68116.0,2
68119.0,1
68137.0,4
68619.0,1
69035.0,1
69389.0,1
69442.0,1
70953.0,1
71521.0,1
71980.0,1
72450.0,1
72525.0,1
73343.0,2
73943.0,1
74025.0,2
74196.0,2
74523.0,1
74670.0,1
74794.0,1
75359.0,1
75512.0,1
75819.0,1
75848.0,1
76383.0,1
76842.0,1
77269.0,1
77942.0,1
78430.0,1
78701.0,3
79046.0,1
80590.0,2
80872.0,1
81386.0,1
84100.0,25
84276.0,7
84705.0,1
86414.0,2
86548.0,1
87770.0,1
88060.0,1
89409.0,1
90601.0,1
90604.0,1
90969.0,1
91564.0,31
92774.0,1
94126.0,1
96246.0,1
97651.0,1
99840.0,2
101205.0,1
101632.0,1
101888.0,5
102415.0,2
102608.0,1
102912.0,1
103936.0,2
104374.0,1
106236.0,1
106240.0,3
106620.0,1
106652.0,1
106752.0,1
109568.0,1
110084.0,1
110300.0,1
110904.0,1
111325.0,1
112380.0,1
112565.0,1
112656.0,1
114554.0,1
115313.0,1
115444.0,1
115455.0,1
115817.0,1
118192.0,1
118272.0,1
120524.0,1
121344.0,1
121776.0,1
122031.0,1
122112.0,1
123450.0,1
123941.0,1
124424.0,1
124788.0,1
125071.0,1
125796.0,1
126428.0,1
127132.0,1
127634.0,1
128548.0,1
129496.0,3
129828.0,1
129916.0,1
130106.0,1
130774.0,1
131271.0,1
131496.0,1
132168.0,1
132813.0,1
134246.0,1
135236.0,1
135325.0,1
137344.0,4
140091.0,1
140165.0,1
144471.0,1
145242.0,1
147474.0,1
148787.0,1
149044.0,1
151552.0,1
151640.0,1
152808.0,1
153642.0,1
154368.0,1
155904.0,1
160514.0,1
161880.0,4
162278.0,1
162560.0,2
163928.0,1
165821.0,1
166691.0,1
166809.0,1
168222.0,1
168298.0,1
171055.0,2
179624.0,1
180584.0,1
181464.0,1
181548.0,1
181876.0,1
182044.0,1
183680.0,1
183868.0,1
185304.0,1
186902.0,1
190708.0,1
190788.0,1
194216.0,1
196639.0,1
197148.0,1
200416.0,1
201636.0,1
202684.0,1
205060.0,1
209782.0,1
214232.0,19
214444.0,7
215164.0,1
215647.0,1
216983.0,1
218357.0,1
228462.0,1
234509.0,1
235780.0,1
247372.0,1
249136.0,1
252537.0,2
255174.0,1
258050.0,1
259288.0,4
263896.0,1
269644.0,1
272016.0,1
310655.0,2
312781.0,1
345127.0,1
366991.0,1
380580.0,1
387976.0,1
390640.0,1
400972.0,1
451152.0,1
511348.0,1
530492.0,1
530535.0,1
530549.0,1
530591.0,1
632024.0,2
712054.0,1
799960.0,3
819038.0,1
832000.0,1
857088.0,1
1050857.0,1
1757656.0,112
2083414.0,1
2165263.0,1
4621635.0,1
